Vertex Count: 1041

Data:

0.457082 -8.86835 -2.15832 0.70452 0.941603 -1.9992e-008 -0.991638 0.129047
27.7793 -8.86835 -5.54221 0.905329 0.91667 0.22663 -0.864339 0.448951
16.946 -8.86835 -2.15832 0.825708 0.941801 0.0625775 -0.782019 0.620105
0.457082 -8.86835 -2.15832 0.70452 0.941603 -1.9992e-008 -0.991638 0.129047
34.0253 -8.86835 -11.9943 0.951235 0.868579 0.410865 -0.863214 0.293344
27.7793 -8.86835 -5.54221 0.905329 0.91667 0.22663 -0.864339 0.448951
0.457082 -8.86835 -2.15832 0.70452 0.941603 -1.9992e-008 -0.991638 0.129047
36.2553 -8.86835 -18.7619 0.967625 0.818085 0.497696 -0.860714 0.107101
34.0253 -8.86835 -11.9943 0.951235 0.868579 0.410865 -0.863214 0.293344
0.457082 -8.86835 -2.15832 0.70452 0.941603 -1.9992e-008 -0.991638 0.129047
36.2362 -8.86835 -28.5846 0.967485 0.744757 0.503644 -0.861589 -0.0632946
36.2553 -8.86835 -18.7619 0.967625 0.818085 0.497696 -0.860714 0.107101
0.457082 -8.86835 -2.15832 0.70452 0.941603 -1.9992e-008 -0.991638 0.129047
33.1656 -8.86835 -36.4297 0.944916 0.686156 0.471463 -0.858381 -0.202251
36.2362 -8.86835 -28.5846 0.967485 0.744757 0.503644 -0.861589 -0.0632946
24.5883 -8.86835 -53.3318 0.881877 0.559877 0.400519 -0.906931 -0.130616
33.1656 -8.86835 -36.4297 0.944916 0.686156 0.471463 -0.858381 -0.202251
0.457082 -8.86835 -2.15832 0.70452 0.941603 -1.9992e-008 -0.991638 0.129047
24.5721 -8.86835 -59.3815 0.881757 0.514715 0.421849 -0.905318 0.0494225
24.5883 -8.86835 -53.3318 0.881877 0.559877 0.400519 -0.906931 -0.130616
9.91004 -8.86835 -69.3913 0.773996 0.439814 0.127694 -0.94247 -0.308942
28.444 -8.86835 -69.7633 0.910215 0.43726 0.401795 -0.902943 0.152495
24.5721 -8.86835 -59.3815 0.881757 0.514715 0.421849 -0.905318 0.0494225
15.5055 -8.86835 -69.0044 0.815121 0.44277 -0.133111 -0.909224 -0.394452
30.7022 -8.86835 -75.5125 0.926812 0.394369 0.410943 -0.905227 0.108122
28.444 -8.86835 -69.7633 0.910215 0.43726 0.401795 -0.902943 0.152495
23.0247 -8.86835 -73.2979 0.870384 0.410808 -0.325434 -0.908626 -0.261707
30.811 -8.86835 -80.5356 0.927611 0.356872 0.420778 -0.905847 -0.0488534
30.7022 -8.86835 -75.5125 0.926812 0.394369 0.410943 -0.905227 0.108122
27.1941 -8.86835 -81.054 0.901029 0.352959 -0.406883 -0.904389 -0.128559
28.8567 -8.86835 -85.2638 0.913248 0.321552 0.261231 -0.848332 -0.460533
30.811 -8.86835 -80.5356 0.927611 0.356872 0.420778 -0.905847 -0.0488534
27.8218 -8.86835 -83.9582 0.905641 0.331286 -0.438545 -0.87028 -0.224255
0.457082 -8.86835 -2.15832 0.70452 0.941603 -1.9992e-008 -0.991638 0.129047
6.55647 -8.86835 -75.4994 0.749348 0.394177 0.535091 -0.808152 -0.246103
9.91004 -8.86835 -69.3913 0.773996 0.439814 0.127694 -0.94247 -0.308942
-26.8651 -8.86835 -5.54221 0.503711 0.916014 -0.299082 -0.864339 0.404312
0.457082 -8.86835 -2.15832 0.70452 0.941603 -1.9992e-008 -0.991638 0.129047
-16.0318 -8.86835 -2.15832 0.583332 0.941405 -0.125155 -0.782019 0.610559
-33.1112 -8.86835 -11.9943 0.457804 0.867774 -0.45068 -0.863214 0.227482
0.457082 -8.86835 -2.15832 0.70452 0.941603 -1.9992e-008 -0.991638 0.129047
-26.8651 -8.86835 -5.54221 0.503711 0.916014 -0.299082 -0.864339 0.404312
-35.3412 -8.86835 -18.7619 0.441415 0.817226 -0.506318 -0.860714 0.0530494
0.457082 -8.86835 -2.15832 0.70452 0.941603 -1.9992e-008 -0.991638 0.129047
-33.1112 -8.86835 -11.9943 0.457804 0.867774 -0.45068 -0.863214 0.227482
-35.322 -8.86835 -28.5846 0.441555 0.743899 -0.491825 -0.861589 -0.125586
0.457082 -8.86835 -2.15832 0.70452 0.941603 -1.9992e-008 -0.991638 0.129047
-35.3412 -8.86835 -18.7619 0.441415 0.817226 -0.506318 -0.860714 0.0530494
-32.2509 -8.86835 -36.431 0.464127 0.685362 -0.46494 -0.858374 -0.216853
0.457082 -8.86835 -2.15832 0.70452 0.941603 -1.9992e-008 -0.991638 0.129047
-35.322 -8.86835 -28.5846 0.441555 0.743899 -0.491825 -0.861589 -0.125586
-22.2008 -8.86835 -56.3107 0.537992 0.537078 -0.416182 -0.906905 -0.0656876
-6.99625 -8.86835 -84.4274 0.64974 0.327366 -0.302339 -0.945893 -0.117801
0.457082 -8.86835 -2.15832 0.70452 0.941603 -1.9992e-008 -0.991638 0.129047
-22.1848 -8.86835 -62.3018 0.538109 0.492354 -0.418142 -0.904573 0.0830972
-14.7433 -8.86835 -83.2807 0.592802 0.335833 0.0384502 -0.912165 -0.408015
-6.99625 -8.86835 -84.4274 0.64974 0.327366 -0.302339 -0.945893 -0.117801
-28.2908 -8.86835 -82.3885 0.493232 0.342331 -0.418408 -0.903135 0.0963439
-19.899 -8.86835 -86.3665 0.554909 0.312736 0.278978 -0.909386 -0.308526
-14.7433 -8.86835 -83.2807 0.592802 0.335833 0.0384502 -0.912165 -0.408015
-29.4651 -8.86835 -88.431 0.484602 0.297209 -0.42721 -0.903407 0.0367051
-23.812 -8.86835 -94.7664 0.52615 0.249982 0.402623 -0.904707 -0.139284
-19.899 -8.86835 -86.3665 0.554909 0.312736 0.278978 -0.909386 -0.308526
-29.7192 -8.86835 -96.2082 0.482734 0.239148 -0.412011 -0.905864 -0.098277
-24.4159 -8.86835 -99.5273 0.521712 0.214434 0.363407 -0.930069 -0.0539197
-23.812 -8.86835 -94.7664 0.52615 0.249982 0.402623 -0.904707 -0.139284
-27.8982 -8.86835 -100.954 0.496118 0.203741 -0.367002 -0.866106 -0.339367
-26.4839 -8.86835 -102.003 0.506512 0.19593 0.00426443 -0.880117 -0.474737
-24.4159 -8.86835 -99.5273 0.521712 0.214434 0.363407 -0.930069 -0.0539197
-6.99625 -8.86835 -84.4274 0.64974 0.327366 -0.302339 -0.945893 -0.117801
6.55647 -8.86835 -75.4994 0.749348 0.394177 0.535091 -0.808152 -0.246103
0.457082 -8.86835 -2.15832 0.70452 0.941603 -1.9992e-008 -0.991638 0.129047
-24.7846 -8.86835 -101.449 0.519002 0.200086 0.498428 -0.816639 -0.290983
-24.4159 -8.86835 -99.5273 0.521712 0.214434 0.363407 -0.930069 -0.0539197
-26.4839 -8.86835 -102.003 0.506512 0.19593 0.00426443 -0.880117 -0.474737
5.75011 -8.89207 -127.125 0.743512 0.00265801 -6.5157e-005 -0.999993 -0.00375817
6.55647 -8.86835 -75.4994 0.749348 0.394177 0.535091 -0.808152 -0.246103
-6.99625 -8.86835 -84.4274 0.64974 0.327366 -0.302339 -0.945893 -0.117801
5.04619 -8.15775 -186.865 0.194502 0.558216 8.2134e-005 -0.999966 -0.0081939
5.75011 -8.89207 -127.125 0.199563 0.996383 -6.5157e-005 -0.999993 -0.00375817
-6.18989 -8.89207 -127.237 0.115343 0.99648 8.0401e-005 -0.999968 -0.00800942
6.7482 -8.15775 -192.048 0.206492 0.519871 1.69253e-008 -1 2.91624e-007
5.04619 -8.15775 -186.865 0.194502 0.558216 8.2134e-005 -0.999966 -0.0081939
-5.48597 -8.15775 -186.977 0.120303 0.557386 4.36567e-005 -0.999992 -0.00409624
10.6479 -8.15775 -194.376 0.233965 0.502646 -5.09415e-009 -1 -4.85068e-008
6.7482 -8.15775 -192.048 0.206492 0.519871 1.69253e-008 -1 2.91624e-007
-6.64044 -8.15775 -190.607 0.11217 0.530531 1.82276e-008 -1 1.69374e-007
8.70972 -8.15775 -207.279 0.220311 0.407172 9.89778e-008 -1 -3.3085e-008
10.6479 -8.15775 -194.376 0.233965 0.502646 -5.09415e-009 -1 -4.85068e-008
-9.21843 -8.15775 -192.289 0.0940078 0.518083 4.29301e-008 -1 -3.34831e-008
8.78237 -8.15775 -217.507 0.220823 0.331497 1.02195e-007 -1 -2.71477e-008
8.70972 -8.15775 -207.279 0.220311 0.407172 9.89778e-008 -1 -3.3085e-008
-2.58985 -8.15775 -213.478 0.140706 0.361307 1.5022e-007 -1 -1.2124e-008
9.1735 -8.15775 -225.935 0.223578 0.269138 0 -1 -0
8.78237 -8.15775 -217.507 0.220823 0.331497 1.02195e-007 -1 -2.71477e-008
2.08048 -8.15775 -228.735 0.173608 0.248423 4.61476e-008 -1 -2.75458e-008
9.88673 -8.15775 -231.372 0.230861 0.228027 0 -1 -0
9.1735 -8.15775 -225.935 0.223578 0.269138 0 -1 -0
5.64704 -8.15775 -228.673 0.195348 0.24476 0 -1 -0
17.2205 -0.723681 -0.358898 0.935356 0.016522 0 1 -0
28.7533 -0.723681 -3.96129 0.969784 0.029381 0 1 -0
0.457082 -0.723681 -0.358898 0.885314 0.016522 -9.98661e-010 1 -4.00514e-010
28.7533 -0.723681 -3.96129 0.969784 0.029381 0 1 -0
35.6052 -0.723681 -11.0392 0.990238 0.054645 0 1 -0
0.457082 -0.723681 -0.358898 0.885314 0.016522 -9.98661e-010 1 -4.00514e-010
35.6052 -0.723681 -11.0392 0.990238 0.054645 0 1 -0
38.0553 -0.723681 -18.4748 0.997552 0.081187 0 1 -0
0.457082 -0.723681 -0.358898 0.885314 0.016522 -9.98661e-010 1 -4.00514e-010
38.0553 -0.723681 -18.4748 0.997552 0.081187 0 1 -0
38.035 -0.723681 -28.9258 0.997492 0.118492 0 1 -0
0.457082 -0.723681 -0.358898 0.885314 0.016522 -9.98661e-010 1 -4.00514e-010
38.035 -0.723681 -28.9258 0.997492 0.118492 0 1 -0
34.8095 -0.723681 -37.1665 0.987863 0.147907 0 1 -0
0.457082 -0.723681 -0.358898 0.885314 0.016522 -9.98661e-010 1 -4.00514e-010
0.457082 -0.723681 -0.358898 0.885314 0.016522 -9.98661e-010 1 -4.00514e-010
34.8095 -0.723681 -37.1665 0.987863 0.147907 0 1 -0
26.3866 -0.723681 -53.7645 0.962719 0.207155 0 1 -0
10.9428 -0.723681 -71.1236 0.916616 0.269118 -3.6574e-009 1 -5.41942e-010
26.3866 -0.723681 -53.7645 0.962719 0.207155 0 1 -0
26.3724 -0.723681 -59.0592 0.962677 0.226054 0 1 -0
15.0863 -0.723681 -70.8371 0.928985 0.268096 0 1 -0
26.3724 -0.723681 -59.0592 0.962677 0.226054 0 1 -0
30.1246 -0.723681 -69.1199 0.973877 0.261966 0 1 -0
21.6841 -0.723681 -74.6046 0.948681 0.281544 0 1 -0
30.1246 -0.723681 -69.1199 0.973877 0.261966 0 1 -0
32.4943 -0.723681 -75.153 0.980952 0.283502 0 1 -0
25.489 -0.723681 -81.6823 0.960039 0.306808 0 1 -0
32.4943 -0.723681 -75.153 0.980952 0.283502 0 1 -0
32.6175 -0.723681 -80.8434 0.981319 0.303813 0 1 -0
26.1269 -0.723681 -84.6343 0.961944 0.317345 0 1 -0
32.6175 -0.723681 -80.8434 0.981319 0.303813 0 1 -0
30.6599 -0.723681 -86.058 0.975476 0.322427 0 1 -0
10.9428 -0.723681 -71.1236 0.916616 0.269118 -3.6574e-009 1 -5.41942e-010
7.32102 -0.723681 -74.1774 0.905804 0.280019 -1.1129e-008 1 -1.84227e-009
0.457082 -0.723681 -0.358898 0.885314 0.016522 -9.98661e-010 1 -4.00514e-010
-16.3063 -0.723681 -0.358898 0.835272 0.016522 0 1 -0
0.457082 -0.723681 -0.358898 0.885314 0.016522 -9.98661e-010 1 -4.00514e-010
-27.8391 -0.723681 -3.96129 0.800844 0.029381 0 1 -0
-27.8391 -0.723681 -3.96129 0.800844 0.029381 0 1 -0
0.457082 -0.723681 -0.358898 0.885314 0.016522 -9.98661e-010 1 -4.00514e-010
-34.6911 -0.723681 -11.0392 0.78039 0.054645 0 1 -0
-34.6911 -0.723681 -11.0392 0.78039 0.054645 0 1 -0
0.457082 -0.723681 -0.358898 0.885314 0.016522 -9.98661e-010 1 -4.00514e-010
-37.1411 -0.723681 -18.4748 0.773076 0.081187 0 1 -0
-37.1411 -0.723681 -18.4748 0.773076 0.081187 0 1 -0
0.457082 -0.723681 -0.358898 0.885314 0.016522 -9.98661e-010 1 -4.00514e-010
-37.1208 -0.723681 -28.9258 0.773137 0.118492 0 1 -0
-37.1208 -0.723681 -28.9258 0.773137 0.118492 0 1 -0
0.457082 -0.723681 -0.358898 0.885314 0.016522 -9.98661e-010 1 -4.00514e-010
-33.8954 -0.723681 -37.1665 0.782765 0.147907 0 1 -0
-23.9991 -0.723681 -56.742 0.812307 0.217783 5.54545e-009 1 -8.98645e-010
-33.8954 -0.723681 -37.1665 0.782765 0.147907 0 1 -0
0.457082 -0.723681 -0.358898 0.885314 0.016522 -9.98661e-010 1 -4.00514e-010
-23.9849 -0.723681 -62.0367 0.81235 0.236682 1.00101e-008 1 2.65594e-009
-23.9991 -0.723681 -56.742 0.812307 0.217783 5.54545e-009 1 -8.98645e-010
-6.66515 -0.723681 -82.4302 0.864053 0.309478 7.17036e-009 1 9.31843e-010
-14.5994 -0.723681 -85.2917 0.840368 0.319692 6.55782e-009 1 2.64669e-009
-18.501 -0.723681 -87.6269 0.82872 0.328027 0 1 -0
-30.0395 -0.723681 -81.954 0.794276 0.307778 0 1 -0
-18.501 -0.723681 -87.6269 0.82872 0.328027 0 1 -0
-22.0622 -0.723681 -95.2716 0.818089 0.355315 0 1 -0
-31.2589 -0.723681 -88.2287 0.790636 0.330175 0 1 -0
-22.0622 -0.723681 -95.2716 0.818089 0.355315 0 1 -0
-22.6379 -0.723681 -99.8103 0.816371 0.371516 0 1 -0
-31.5296 -0.723681 -96.5131 0.789827 0.359747 0 1 -0
-22.6379 -0.723681 -99.8103 0.816371 0.371516 0 1 -0
-26.8094 -0.723681 -104.001 0.803918 0.386477 0 1 -0
-29.3906 -0.723681 -102.088 0.796213 0.379645 0 1 -0
-26.8094 -0.723681 -104.001 0.803918 0.386477 0 1 -0
-22.6379 -0.723681 -99.8103 0.816371 0.371516 0 1 -0
-23.2174 -0.723681 -102.831 0.814641 0.382297 0 1 -0
27.6109 -0.723681 -87.0753 0.966374 0.326059 0 1 -0
30.6599 -0.723681 -86.058 0.975476 0.322427 0 1 -0
29.4258 -0.723681 -87.2471 0.971791 0.326672 0 1 -0
-4.9728 -4.05298 -84.8778 0.302511 0.96012 -0.184714 0.940602 -0.284867
4.47408 -4.05298 -77.1933 0.341623 0.988865 0.556216 0.658067 -0.507515
3.69386 -4.1899 -127.144 0.338393 0.802019 0.384529 0.923037 -0.011844
-4.13413 -4.1899 -127.217 0.305983 0.801743 -0.355678 0.934498 -0.0143855
3.69386 -4.1899 -127.144 0.338393 0.802019 0.384529 0.923037 -0.011844
2.94115 -5.0722 -186.887 0.335277 0.578541 0.32844 0.944284 0.0213331
-3.37723 -5.0722 -186.955 0.309117 0.578289 -0.299462 0.952484 0.0556542
2.94115 -5.0722 -186.887 0.335277 0.578541 0.32844 0.944284 0.0213331
4.50511 -5.0722 -191.806 0.341752 0.560142 0.234606 0.952941 0.191998
4.50511 -5.0722 -191.806 0.341752 0.560142 0.234606 0.952941 0.191998
10.6479 -5.0722 -194.376 0.367184 0.550531 0.365827 0.635372 0.680054
-9.21843 -5.0722 -192.289 0.284933 0.558335 -0.254516 0.844319 0.471537
-9.21843 -5.0722 -192.289 0.284933 0.558335 -0.254516 0.844319 0.471537
10.6479 -5.0722 -194.376 0.367184 0.550531 0.365827 0.635372 0.680054
8.70972 -5.0722 -207.279 0.35916 0.502264 -2.23889e-009 1 1.85293e-008
-2.58985 -5.0722 -213.478 0.312377 0.479076 6.27525e-010 1 1.8088e-008
8.70972 -5.0722 -207.279 0.35916 0.502264 -2.23889e-009 1 1.85293e-008
8.78237 -5.0722 -217.507 0.359461 0.464005 2.61456e-008 1 1.27066e-008
2.08048 -5.0722 -228.735 0.331713 0.422007 2.51109e-008 1 7.20982e-008
8.78237 -5.0722 -217.507 0.359461 0.464005 2.61456e-008 1 1.27066e-008
9.1735 -5.0722 -225.935 0.36108 0.43248 4.12798e-008 1 9.23113e-008
5.64704 -5.0722 -228.673 0.34648 0.422239 -4.08103e-008 1 -3.08308e-009
9.1735 -5.0722 -225.935 0.36108 0.43248 4.12798e-008 1 9.23113e-008
9.88673 -5.0722 -231.372 0.364033 0.412142 -5.96635e-008 1 -9.37119e-008
17.2205 -0.723681 -0.358898 0.376257 0.125171 0.200809 2.06777e-007 0.97963
17.2205 -6.65368 -0.358898 0.376257 0.171103 0.135959 -0.338003 0.931273
28.7533 -6.65368 -3.96129 0.4101 0.171103 0.483953 -0.343999 0.804645
0.457082 -0.723681 -0.358898 0.320067 0.125171 0 0 1
0.457082 -6.65368 -0.358898 0.320067 0.171103 0 -0.334578 0.942368
17.2205 -6.65368 -0.358898 0.376257 0.171103 0.135959 -0.338003 0.931273
28.7533 -0.723681 -3.96129 0.4101 0.125171 0.594702 3.63812e-007 0.803946
28.7533 -6.65368 -3.96129 0.4101 0.171103 0.483953 -0.343999 0.804645
35.6052 -6.65368 -11.0392 0.437586 0.171103 0.799379 -0.342245 0.493824
35.6052 -0.723681 -11.0392 0.437586 0.125172 0.892724 0 0.450604
35.6052 -6.65368 -11.0392 0.437586 0.171103 0.799379 -0.342245 0.493824
38.0553 -6.65368 -18.4748 0.459512 0.171103 0.928223 -0.338414 0.154527
38.0553 -0.723681 -18.4748 0.459512 0.125172 0.994556 0 0.104204
38.0553 -6.65368 -18.4748 0.459512 0.171103 0.928223 -0.338414 0.154527
38.035 -6.65368 -28.9258 0.489449 0.171103 0.925386 -0.339745 -0.168032
38.035 -0.723681 -28.9258 0.489449 0.125172 0.968911 0 -0.247409
38.035 -6.65368 -28.9258 0.489449 0.171103 0.925386 -0.339745 -0.168032
34.8095 -6.65368 -37.1665 0.515473 0.171103 0.860618 -0.334925 -0.383617
34.8095 -0.723681 -37.1665 0.515473 0.125172 0.90584 0 -0.42362
34.8095 -6.65368 -37.1665 0.515473 0.171103 0.860618 -0.334925 -0.383617
26.3866 -6.65368 -53.7645 0.576635 0.171103 0.911093 -0.34281 -0.22889
26.3866 -0.723681 -53.7645 0.576635 0.125172 0.987695 0 -0.156395
26.3866 -6.65368 -53.7645 0.576635 0.171103 0.911093 -0.34281 -0.22889
26.3724 -6.65368 -59.0592 0.589224 0.171103 0.927151 -0.339427 0.158684
15.0863 -0.723681 -70.8371 0.269522 0.08149 -0.124017 4.4475e-007 -0.99228
15.0863 -6.65368 -70.8371 0.269522 0.120937 -0.220693 -0.347767 -0.911237
10.9428 -6.65368 -71.1236 0.236583 0.120937 0.474748 -0.190021 -0.859364
26.3724 -0.723681 -59.0592 0.353885 0.082959 0.971889 0 0.235439
26.3724 -6.65368 -59.0592 0.353885 0.122261 0.927151 -0.339427 0.158684
30.1246 -6.65368 -69.1199 0.407408 0.122261 0.880197 -0.33459 0.336606
21.6841 -0.723681 -74.6046 0.321972 0.08149 -0.646399 0 -0.762999
21.6841 -6.65368 -74.6046 0.321972 0.120937 -0.679582 -0.346458 -0.646634
15.0863 -6.65368 -70.8371 0.269522 0.120937 -0.220693 -0.347767 -0.911237
30.1246 -0.723681 -69.1199 0.407408 0.082959 0.932866 0 0.360224
30.1246 -6.65368 -69.1199 0.407408 0.122261 0.880197 -0.33459 0.336606
32.4943 -6.65368 -75.153 0.497999 0.122261 0.920918 -0.339237 0.191905
25.489 -0.723681 -81.6823 0.352218 0.08149 -0.921039 -2.96235e-007 -0.389471
25.489 -6.65368 -81.6823 0.352218 0.120937 -0.885178 -0.337513 -0.320225
21.6841 -6.65368 -74.6046 0.321972 0.120937 -0.679582 -0.346458 -0.646634
32.4943 -0.723681 -75.153 0.497999 0.082959 0.990405 0 0.138196
32.4943 -6.65368 -75.153 0.497999 0.122261 0.920918 -0.339237 0.191905
32.6175 -6.65368 -80.8434 0.522511 0.122261 0.925307 -0.346742 -0.153546
26.1269 -0.723681 -84.6343 0.573383 0.082959 -0.948127 -9.17179e-008 -0.317892
26.1269 -6.65368 -84.6343 0.573383 0.122261 -0.871439 -0.338738 -0.354753
25.489 -6.65368 -81.6823 0.58793 0.122261 -0.885178 -0.337513 -0.320225
32.6175 -0.723681 -80.8434 0.522511 0.082959 0.973003 0 -0.230794
32.6175 -6.65368 -80.8434 0.522511 0.122261 0.925307 -0.346742 -0.153546
30.6599 -6.65368 -86.058 0.541524 0.122261 0.826324 -0.282472 -0.487235
27.6109 -0.723681 -87.0753 0.559873 0.082959 -0.663285 0 -0.748367
27.6109 -6.65368 -87.0753 0.559873 0.122261 -0.457011 -0.384624 -0.802001
26.1269 -6.65368 -84.6343 0.573383 0.122261 -0.871439 -0.338738 -0.354753
-16.3063 -0.723681 -0.358898 0.258148 0.125171 -0.100404 0 0.994947
-16.3063 -6.65368 -0.358898 0.258148 0.171103 -0.147886 -0.338003 0.929454
0.457082 -6.65368 -0.358898 0.320067 0.171103 0 -0.334578 0.942368
-27.8391 -0.723681 -3.96129 0.218377 0.125171 -0.450637 3.63812e-007 0.892707
-27.8391 -6.65368 -3.96129 0.218377 0.171103 -0.501065 -0.343999 0.794102
-16.3063 -6.65368 -0.358898 0.258148 0.171103 -0.147886 -0.338003 0.929454
-34.6911 -0.723681 -11.0392 0.186461 0.125171 -0.813857 1.52572e-007 0.581066
-34.6911 -6.65368 -11.0392 0.186461 0.171103 -0.808747 -0.342245 0.478327
-27.8391 -6.65368 -3.96129 0.218377 0.171103 -0.501065 -0.343999 0.794102
-37.1411 -0.723681 -18.4748 0.161122 0.125171 -0.97762 0 0.210377
-37.1411 -6.65368 -18.4748 0.161122 0.171103 -0.930234 -0.338414 0.141915
-34.6911 -6.65368 -11.0392 0.186461 0.171103 -0.808747 -0.342245 0.478327
-37.1208 -0.723681 -28.9258 0.126178 0.125171 -0.992195 0 -0.124692
-37.1208 -6.65368 -28.9258 0.126178 0.171103 -0.92262 -0.339744 -0.182609
-37.1411 -6.65368 -18.4748 0.161122 0.171103 -0.930234 -0.338414 0.141915
-33.8954 -0.723681 -37.1665 0.0954085 0.125171 -0.919208 0 -0.393772
-33.8954 -6.65368 -37.1665 0.0954085 0.171103 -0.859366 -0.334914 -0.386423
-37.1208 -6.65368 -28.9258 0.126178 0.171103 -0.92262 -0.339744 -0.182609
-23.9991 -0.723681 -56.742 0.0137881 0.125172 -0.951041 0 -0.309063
-23.9991 -6.65368 -56.742 0.0137882 0.171103 -0.915658 -0.342756 -0.209974
-33.8954 -6.65368 -37.1665 0.0954085 0.171103 -0.859366 -0.334914 -0.386423
-23.9849 -0.723681 -62.0367 0.00307213 0.125172 -0.995371 0 0.0961054
-23.9849 -6.65368 -62.0367 0.00307217 0.171103 -0.93026 -0.337891 0.142991
-23.9991 -6.65368 -56.742 0.0137882 0.171103 -0.915658 -0.342756 -0.209974
-14.5994 -0.723681 -85.2917 0.0335365 0.08149 0.309389 0.1532 -0.938514
-14.5994 -6.65368 -85.2917 0.0335365 0.120937 0.239118 -0.428887 -0.871136
-18.501 -6.65368 -87.6269 0.00252032 0.120937 0.688088 -0.348124 -0.636667
-30.0395 -0.723681 -81.954 0.395898 0.402492 -0.966201 0 0.257789
-30.0395 -6.65368 -81.954 0.441112 0.402492 -0.914917 -0.334974 0.225211
-23.9849 -6.65368 -62.0367 0.441112 0.190118 -0.93026 -0.337891 0.142991
-18.501 -0.723681 -87.6269 0.82872 0.328027 0.806985 0 -0.590572
-18.501 -6.65368 -87.6269 0.82872 0.328027 0.688088 -0.348124 -0.636667
-22.0622 -6.65368 -95.2716 0.818089 0.355315 0.902429 -0.338166 -0.266956
-31.2589 -0.723681 -88.2287 0.395898 0.500682 -0.990369 0 0.138454
-31.2589 -6.65368 -88.2287 0.441112 0.500682 -0.936447 -0.335521 0.102432
-30.0395 -6.65368 -81.954 0.441112 0.402492 -0.914917 -0.334974 0.225211
-22.0622 -0.723681 -95.2716 0.395898 0.645692 0.973881 0 -0.227059
-22.0622 -6.65368 -95.2716 0.441112 0.645692 0.902429 -0.338166 -0.266956
-22.6379 -6.65368 -99.8103 0.441112 0.624311 0.930793 -0.334728 -0.146905
-31.5296 -0.723681 -96.5131 0.395898 0.541514 -0.995049 0 -0.0993879
-31.5296 -6.65368 -96.5131 0.441112 0.541514 -0.925805 -0.340561 -0.164024
-31.2589 -6.65368 -88.2287 0.441112 0.500682 -0.936447 -0.335521 0.102432
-26.8094 -0.723681 -104.001 0.395898 0.585969 -0.325789 0 -0.945443
-26.8094 -6.65368 -104.001 0.441112 0.585969 -0.12935 -0.370964 -0.919595
-29.3906 -6.65368 -102.088 0.441112 0.567049 -0.739921 -0.346798 -0.57641
-29.3906 -0.723681 -102.088 0.395898 0.567049 -0.851018 0 -0.525137
-29.3906 -6.65368 -102.088 0.441112 0.567049 -0.739921 -0.346798 -0.57641
-31.5296 -6.65368 -96.5131 0.441112 0.541514 -0.925805 -0.340561 -0.164024
-22.6379 -0.723681 -99.8103 0.395898 0.624311 0.985848 0 -0.167644
-22.6379 -6.65368 -99.8103 0.441112 0.624311 0.930793 -0.334728 -0.146905
-23.2174 -6.65368 -102.831 0.441112 0.614159 0.708438 -0.38102 -0.594087
-23.2174 -0.723681 -102.831 0.395898 0.614159 0.608355 0 -0.793665
-23.2174 -6.65368 -102.831 0.441112 0.614159 0.708438 -0.38102 -0.594087
-26.8094 -6.65368 -104.001 0.441112 0.585969 -0.12935 -0.370964 -0.919595
30.6599 -0.723681 -86.058 0.541524 0.082959 0.791956 0 -0.610579
30.6599 -6.65368 -86.058 0.541524 0.122261 0.826324 -0.282472 -0.487235
29.4258 -6.65368 -87.2471 0.548959 0.122261 0.405751 -0.297905 -0.864071
29.4258 -0.723681 -87.2471 0.548959 0.082959 0.183265 0 -0.983063
29.4258 -6.65368 -87.2471 0.548959 0.122261 0.405751 -0.297905 -0.864071
27.6109 -6.65368 -87.0753 0.559873 0.122261 -0.457011 -0.384624 -0.802001
6.55647 -6.14505 -75.4994 0.762996 0.393633 0.898368 0.254373 -0.358091
6.55647 -8.86835 -75.4994 0.749348 0.394177 0.535091 -0.808152 -0.246103
5.75011 -8.89207 -127.125 0.743512 0.00265801 0.999897 7.89949e-008 -0.0143392
-6.18989 -6.24582 -127.237 0.637377 0.00117898 -0.92519 0.379121 -0.0170747
-6.18989 -8.89207 -127.237 0.655757 0.00167698 -0.9999 0 -0.0141324
-6.99625 -8.86835 -84.4274 0.64974 0.327366 -0.302339 -0.945893 -0.117801
5.75011 -6.24577 -127.125 0.230733 0.997916 0.912936 0.407827 -0.0150148
5.75011 -8.89207 -127.125 0.199563 0.996383 0.999897 7.89949e-008 -0.0143392
5.04619 -8.15775 -186.865 0.194502 0.558216 0.995253 3.4381e-008 0.0973181
-5.48597 -6.56317 -186.977 0.0959842 0.573886 -0.897251 0.434192 0.0801117
-5.48597 -8.15775 -186.977 0.120303 0.557386 -0.97971 0 0.200421
-6.18989 -8.89207 -127.237 0.115343 0.99648 -0.9999 0 -0.0141324
5.04619 -6.56317 -186.865 0.211863 0.569849 0.869608 0.45888 0.182238
5.04619 -8.15775 -186.865 0.194502 0.558216 0.995253 3.4381e-008 0.0973181
6.7482 -8.15775 -192.048 0.206492 0.519871 0.780731 -2.98972e-006 0.624867
-6.64044 -6.56317 -190.607 0.0900789 0.545287 -0.75235 0.411504 0.514425
-6.64044 -8.15775 -190.607 0.11217 0.530531 -0.718962 0 0.695049
-5.48597 -8.15775 -186.977 0.120303 0.557386 -0.97971 0 0.200421
6.7482 -8.15775 -192.048 0.206492 0.519871 0.780731 -2.98972e-006 0.624867
10.6479 -8.15775 -194.376 0.233965 0.502646 0.512578 0 0.85864
10.6479 -5.0722 -194.376 0.251138 0.50516 0.365827 0.635372 0.680054
-6.64044 -8.15775 -190.607 0.11217 0.530531 -0.718962 0 0.695049
-6.64044 -6.56317 -190.607 0.0900789 0.545287 -0.75235 0.411504 0.514425
-9.21843 -5.0722 -192.289 0.0861983 0.518835 -0.254516 0.844319 0.471537
10.6479 -5.0722 -194.376 0.251138 0.50516 0.988907 0 -0.148539
10.6479 -8.15775 -194.376 0.233965 0.502646 0.988907 0 -0.148539
8.70972 -8.15775 -207.279 0.220311 0.407172 0.995292 0 -0.0969209
-2.58985 -5.0722 -213.478 0.133181 0.355567 -0.954997 0 -0.296615
-2.58985 -8.15775 -213.478 0.140706 0.361307 -0.955601 0 -0.294662
-9.21843 -8.15775 -192.289 0.0940078 0.518083 -0.954389 0 -0.298566
8.70972 -5.0722 -207.279 0.236888 0.401269 0.998991 0 -0.0448995
8.70972 -8.15775 -207.279 0.220311 0.407172 0.995292 0 -0.0969209
8.78237 -8.15775 -217.507 0.220823 0.331497 0.999796 0 0.0201915
2.08048 -5.0722 -228.735 0.166851 0.242251 -0.956202 0 -0.292709
2.08048 -8.15775 -228.735 0.173608 0.248423 -0.956202 0 -0.292709
-2.58985 -8.15775 -213.478 0.140706 0.361307 -0.955601 0 -0.294662
8.78237 -5.0722 -217.507 0.237516 0.326912 0.999446 0 0.0332791
8.78237 -8.15775 -217.507 0.220823 0.331497 0.999796 0 0.0201915
9.1735 -8.15775 -225.935 0.223578 0.269138 0.997234 0 0.0743203
5.64704 -5.0722 -228.673 0.1991 0.217563 0.0174186 0 -0.999848
5.64704 -8.15775 -228.673 0.195348 0.24476 0.0174186 0 -0.999848
2.08048 -8.15775 -228.735 0.173608 0.248423 0.0174186 0 -0.999848
9.1735 -5.0722 -225.935 0.242069 0.270051 0.994759 0 0.102245
9.1735 -8.15775 -225.935 0.223578 0.269138 0.997234 0 0.0743203
9.88673 -8.15775 -231.372 0.230861 0.228027 0.991505 0 0.130068
9.88673 -5.0722 -231.372 0.246149 0.214283 0.499222 0 -0.866474
9.88673 -8.15775 -231.372 0.230861 0.228027 0.499222 0 -0.866474
8.49805 -8.15775 -232.172 0.21882 0.220635 0.499222 0 -0.866474
8.49805 -5.0722 -232.172 0.227447 0.19788 -0.775271 0 -0.631628
8.49805 -8.15775 -232.172 0.21882 0.220635 -0.775271 0 -0.631628
5.64704 -8.15775 -228.673 0.195348 0.24476 -0.775271 0 -0.631628
-6.66515 -0.723681 -82.4302 0.0966095 0.08149 0.324425 0.556972 -0.764546
-4.9728 -4.05298 -84.8778 0.110063 0.103637 -0.184714 0.940602 -0.284867
-6.99625 -6.14514 -86.5238 0.0939774 0.117554 -0.388698 0.128722 -0.912329
4.47408 -4.05298 -77.1933 0.18516 0.103637 0.556216 0.658067 -0.507515
7.32102 -0.723681 -74.1774 0.207792 0.08149 0.635666 0.121652 -0.762318
6.55647 -6.14505 -75.4994 0.201714 0.117554 0.898368 0.254373 -0.358091
-4.55456 -5.0722 -190.831 0.304243 0.563789 -0.231604 0.930782 0.282849
-9.21843 -5.0722 -192.289 0.284933 0.558335 -0.254516 0.844319 0.471537
-6.64044 -6.56317 -190.607 0.295607 0.564629 -0.75235 0.411504 0.514425
10.6479 -5.0722 -194.376 0.367184 0.550531 0.365827 0.635372 0.680054
4.50511 -5.0722 -191.806 0.341752 0.560142 0.234606 0.952941 0.191998
6.7482 -6.56317 -192.048 0.351039 0.559239 0.687347 0.348898 0.637043
3.69386 -4.1899 -127.144 0.338393 0.802019 0.384529 0.923037 -0.011844
4.47408 -4.05298 -77.1933 0.341623 0.988865 0.556216 0.658067 -0.507515
6.55647 -6.14505 -75.4994 0.350245 0.995201 0.898368 0.254373 -0.358091
-4.9728 -4.05298 -84.8778 0.302511 0.96012 -0.184714 0.940602 -0.284867
-4.13413 -4.1899 -127.217 0.305983 0.801743 -0.355678 0.934498 -0.0143855
-6.18989 -6.24582 -127.237 0.297472 0.801671 -0.92519 0.379121 -0.0170747
2.94115 -5.0722 -186.887 0.335277 0.578541 0.32844 0.944284 0.0213331
3.69386 -4.1899 -127.144 0.338393 0.802019 0.384529 0.923037 -0.011844
5.75011 -6.24577 -127.125 0.346906 0.802091 0.912936 0.407827 -0.0150148
-4.13413 -4.1899 -127.217 0.305983 0.801743 -0.355678 0.934498 -0.0143855
-3.37723 -5.0722 -186.955 0.309117 0.578289 -0.299462 0.952484 0.0556542
-5.48597 -6.56317 -186.977 0.300386 0.578205 -0.897251 0.434192 0.0801117
4.50511 -5.0722 -191.806 0.341752 0.560142 0.234606 0.952941 0.191998
2.94115 -5.0722 -186.887 0.335277 0.578541 0.32844 0.944284 0.0213331
5.04619 -6.56317 -186.865 0.343992 0.578625 0.869608 0.45888 0.182238
-3.37723 -5.0722 -186.955 0.309117 0.578289 -0.299462 0.952484 0.0556542
-4.55456 -5.0722 -190.831 0.304243 0.563789 -0.231604 0.930782 0.282849
-6.64044 -6.56317 -190.607 0.295607 0.564629 -0.75235 0.411504 0.514425
7.32102 -0.723681 -74.1774 0.905804 0.280019 -1.1129e-008 1 -1.84227e-009
-6.66515 -0.723681 -82.4302 0.864053 0.309478 7.17036e-009 1 9.31843e-010
0.457082 -0.723681 -0.358898 0.885314 0.016522 -9.98661e-010 1 -4.00514e-010
-6.66515 -0.723681 -82.4302 0.0966095 0.08149 0.324425 0.556972 -0.764546
7.32102 -0.723681 -74.1774 0.207792 0.08149 0.635666 0.121652 -0.762318
4.47408 -4.05298 -77.1933 0.18516 0.103637 0.556216 0.658067 -0.507515
17.2205 -6.65368 -0.358898 0.82805 0.953907 0.135959 -0.338003 0.931273
16.946 -8.86835 -2.15832 0.825708 0.941801 0.0625775 -0.782019 0.620105
27.7793 -8.86835 -5.54221 0.905329 0.91667 0.22663 -0.864339 0.448951
28.7533 -6.65368 -3.96129 0.912813 0.927153 0.483953 -0.343999 0.804645
27.7793 -8.86835 -5.54221 0.905329 0.91667 0.22663 -0.864339 0.448951
34.0253 -8.86835 -11.9943 0.951235 0.868579 0.410865 -0.863214 0.293344
35.6052 -6.65368 -11.0392 0.963172 0.874398 0.799379 -0.342245 0.493824
34.0253 -8.86835 -11.9943 0.951235 0.868579 0.410865 -0.863214 0.293344
36.2553 -8.86835 -18.7619 0.967625 0.818085 0.497696 -0.860714 0.107101
38.0553 -6.65368 -18.4748 0.981179 0.818919 0.928223 -0.338414 0.154527
36.2553 -8.86835 -18.7619 0.967625 0.818085 0.497696 -0.860714 0.107101
36.2362 -8.86835 -28.5846 0.967485 0.744757 0.503644 -0.861589 -0.0632946
38.035 -6.65368 -28.9258 0.98103 0.740901 0.925386 -0.339745 -0.168032
36.2362 -8.86835 -28.5846 0.967485 0.744757 0.503644 -0.861589 -0.0632946
33.1656 -8.86835 -36.4297 0.944916 0.686156 0.471463 -0.858381 -0.202251
34.8095 -6.65368 -37.1665 0.957324 0.679345 0.860618 -0.334925 -0.383617
33.1656 -8.86835 -36.4297 0.944916 0.686156 0.471463 -0.858381 -0.202251
24.5883 -8.86835 -53.3318 0.881877 0.559877 0.400519 -0.906931 -0.130616
26.3866 -6.65368 -53.7645 0.895418 0.555337 0.911093 -0.34281 -0.22889
24.5883 -8.86835 -53.3318 0.881877 0.559877 0.400519 -0.906931 -0.130616
24.5721 -8.86835 -59.3815 0.881757 0.514715 0.421849 -0.905318 0.0494225
26.3724 -6.65368 -59.0592 0.895314 0.515812 0.927151 -0.339427 0.158684
24.5721 -8.86835 -59.3815 0.881757 0.514715 0.421849 -0.905318 0.0494225
28.444 -8.86835 -69.7633 0.910215 0.43726 0.401795 -0.902943 0.152495
30.1246 -6.65368 -69.1199 0.922891 0.440753 0.880197 -0.33459 0.336606
28.444 -8.86835 -69.7633 0.910215 0.43726 0.401795 -0.902943 0.152495
30.7022 -8.86835 -75.5125 0.926812 0.394369 0.410943 -0.905227 0.108122
32.4943 -6.65368 -75.153 0.940308 0.395743 0.920918 -0.339237 0.191905
30.7022 -8.86835 -75.5125 0.926812 0.394369 0.410943 -0.905227 0.108122
30.811 -8.86835 -80.5356 0.927611 0.356872 0.420778 -0.905847 -0.0488534
32.6175 -6.65368 -80.8434 0.941213 0.353266 0.925307 -0.346742 -0.153546
30.811 -8.86835 -80.5356 0.927611 0.356872 0.420778 -0.905847 -0.0488534
28.8567 -8.86835 -85.2638 0.913248 0.321552 0.261231 -0.848332 -0.460533
28.8567 -8.86835 -85.2638 0.913248 0.321552 0.261231 -0.848332 -0.460533
29.4258 -6.65368 -87.2471 0.917755 0.305423 0.405751 -0.297905 -0.864071
30.6599 -6.65368 -86.058 0.926826 0.314314 0.826324 -0.282472 -0.487235
28.8567 -8.86835 -85.2638 0.913248 0.321552 0.261231 -0.848332 -0.460533
27.6109 -6.65368 -87.0753 0.904417 0.306683 -0.457011 -0.384624 -0.802001
29.4258 -6.65368 -87.2471 0.917755 0.305423 0.405751 -0.297905 -0.864071
27.6109 -6.65368 -87.0753 0.904417 0.306683 -0.457011 -0.384624 -0.802001
28.8567 -8.86835 -85.2638 0.913248 0.321552 0.261231 -0.848332 -0.460533
27.8218 -8.86835 -83.9582 0.905641 0.331286 -0.438545 -0.87028 -0.224255
26.1269 -6.65368 -84.6343 0.89351 0.324888 -0.871439 -0.338738 -0.354753
27.8218 -8.86835 -83.9582 0.905641 0.331286 -0.438545 -0.87028 -0.224255
27.1941 -8.86835 -81.054 0.901029 0.352959 -0.406883 -0.904389 -0.128559
25.489 -6.65368 -81.6823 0.884786 0.346414 -0.885178 -0.337513 -0.320225
27.1941 -8.86835 -81.054 0.901029 0.352959 -0.406883 -0.904389 -0.128559
23.0247 -8.86835 -73.2979 0.870384 0.410808 -0.325434 -0.908626 -0.261707
21.6841 -6.65368 -74.6046 0.85783 0.400211 -0.679582 -0.346458 -0.646634
23.0247 -8.86835 -73.2979 0.870384 0.410808 -0.325434 -0.908626 -0.261707
15.5055 -8.86835 -69.0044 0.815121 0.44277 -0.133111 -0.909224 -0.394452
15.0863 -6.65368 -70.8371 0.812365 0.420705 -0.220693 -0.347767 -0.911237
15.5055 -8.86835 -69.0044 0.815121 0.44277 -0.133111 -0.909224 -0.394452
9.91004 -8.86835 -69.3913 0.773996 0.439814 0.127694 -0.94247 -0.308942
10.9428 -6.65368 -71.1236 0.785442 0.418014 0.474748 -0.190021 -0.859364
9.91004 -8.86835 -69.3913 0.773996 0.439814 0.127694 -0.94247 -0.308942
6.55647 -8.86835 -75.4994 0.749348 0.394177 0.535091 -0.808152 -0.246103
-6.99625 -6.14514 -86.5238 0.636892 0.305714 -0.388698 0.128722 -0.912329
-6.99625 -8.86835 -84.4274 0.64974 0.327366 -0.302339 -0.945893 -0.117801
-14.7433 -8.86835 -83.2807 0.592802 0.335833 0.0384502 -0.912165 -0.408015
-14.5994 -6.65368 -85.2917 0.594185 0.319492 0.239118 -0.428887 -0.871136
-14.7433 -8.86835 -83.2807 0.592802 0.335833 0.0384502 -0.912165 -0.408015
-19.899 -8.86835 -86.3665 0.554909 0.312736 0.278978 -0.909386 -0.308526
-18.501 -6.65368 -87.6269 0.565509 0.302013 0.688088 -0.348124 -0.636667
-19.899 -8.86835 -86.3665 0.554909 0.312736 0.278978 -0.909386 -0.308526
-23.812 -8.86835 -94.7664 0.52615 0.249982 0.402623 -0.904707 -0.139284
-22.0622 -6.65368 -95.2716 0.539335 0.244902 0.902429 -0.338166 -0.266956
-23.812 -8.86835 -94.7664 0.52615 0.249982 0.402623 -0.904707 -0.139284
-24.4159 -8.86835 -99.5273 0.521712 0.214434 0.363407 -0.930069 -0.0539197
-22.6379 -6.65368 -99.8103 0.535104 0.211013 0.930793 -0.334728 -0.146905
-24.4159 -8.86835 -99.5273 0.521712 0.214434 0.363407 -0.930069 -0.0539197
-24.7846 -8.86835 -101.449 0.519002 0.200086 0.498428 -0.816639 -0.290983
-23.2174 -6.65368 -102.831 0.530845 0.188459 0.708438 -0.38102 -0.594087
-24.7846 -8.86835 -101.449 0.519002 0.200086 0.498428 -0.816639 -0.290983
-26.4839 -8.86835 -102.003 0.506512 0.19593 0.00426443 -0.880117 -0.474737
-26.8094 -6.65368 -104.001 0.504445 0.179675 -0.12935 -0.370964 -0.919595
-26.4839 -8.86835 -102.003 0.506512 0.19593 0.00426443 -0.880117 -0.474737
-27.8982 -8.86835 -100.954 0.496118 0.203741 -0.367002 -0.866106 -0.339367
-29.3906 -6.65368 -102.088 0.485474 0.193931 -0.739921 -0.346798 -0.57641
-27.8982 -8.86835 -100.954 0.496118 0.203741 -0.367002 -0.866106 -0.339367
-29.7192 -8.86835 -96.2082 0.482734 0.239148 -0.412011 -0.905864 -0.098277
-31.5296 -6.65368 -96.5131 0.469753 0.23552 -0.925805 -0.340561 -0.164024
-29.7192 -8.86835 -96.2082 0.482734 0.239148 -0.412011 -0.905864 -0.098277
-29.4651 -8.86835 -88.431 0.484602 0.297209 -0.42721 -0.903407 0.0367051
-31.2589 -6.65368 -88.2287 0.471743 0.297367 -0.936447 -0.335521 0.102432
-29.4651 -8.86835 -88.431 0.484602 0.297209 -0.42721 -0.903407 0.0367051
-28.2908 -8.86835 -82.3885 0.493232 0.342331 -0.418408 -0.903135 0.0963439
-30.0395 -6.65368 -81.954 0.480705 0.344223 -0.914917 -0.334974 0.225211
-28.2908 -8.86835 -82.3885 0.493232 0.342331 -0.418408 -0.903135 0.0963439
-22.1848 -8.86835 -62.3018 0.538109 0.492354 -0.418142 -0.904573 0.0830972
-23.9849 -6.65368 -62.0367 0.525204 0.492981 -0.93026 -0.337891 0.142991
-22.1848 -8.86835 -62.3018 0.538109 0.492354 -0.418142 -0.904573 0.0830972
-22.2008 -8.86835 -56.3107 0.537992 0.537078 -0.416182 -0.906905 -0.0656876
-23.9991 -6.65368 -56.742 0.5251 0.532506 -0.915658 -0.342756 -0.209974
-22.2008 -8.86835 -56.3107 0.537992 0.537078 -0.416182 -0.906905 -0.0656876
-32.2509 -8.86835 -36.431 0.464127 0.685362 -0.46494 -0.858374 -0.216853
-33.8954 -6.65368 -37.1665 0.452366 0.678521 -0.859366 -0.334914 -0.386423
-32.2509 -8.86835 -36.431 0.464127 0.685362 -0.46494 -0.858374 -0.216853
-35.322 -8.86835 -28.5846 0.441555 0.743899 -0.491825 -0.861589 -0.125586
-37.1208 -6.65368 -28.9258 0.42866 0.74 -0.92262 -0.339744 -0.182609
-35.322 -8.86835 -28.5846 0.441555 0.743899 -0.491825 -0.861589 -0.125586
-35.3412 -8.86835 -18.7619 0.441415 0.817226 -0.506318 -0.860714 0.0530494
-37.1411 -6.65368 -18.4748 0.42851 0.818018 -0.930234 -0.338414 0.141915
-35.3412 -8.86835 -18.7619 0.441415 0.817226 -0.506318 -0.860714 0.0530494
-33.1112 -8.86835 -11.9943 0.457804 0.867774 -0.45068 -0.863214 0.227482
-34.6911 -6.65368 -11.0392 0.446517 0.873555 -0.808747 -0.342245 0.478327
-33.1112 -8.86835 -11.9943 0.457804 0.867774 -0.45068 -0.863214 0.227482
-26.8651 -8.86835 -5.54221 0.503711 0.916014 -0.299082 -0.864339 0.404312
-27.8391 -6.65368 -3.96129 0.496877 0.926474 -0.501065 -0.343999 0.794102
-26.8651 -8.86835 -5.54221 0.503711 0.916014 -0.299082 -0.864339 0.404312
-16.0318 -8.86835 -2.15832 0.583332 0.941405 -0.125155 -0.782019 0.610559
-16.3063 -6.65368 -0.358898 0.58164 0.953505 -0.147886 -0.338003 0.929454
-16.0318 -8.86835 -2.15832 0.583332 0.941405 -0.125155 -0.782019 0.610559
0.457082 -8.86835 -2.15832 0.70452 0.941603 -1.9992e-008 -0.991638 0.129047
0.457082 -6.65368 -0.358898 0.704845 0.953706 0 -0.334578 0.942368
0.457082 -8.86835 -2.15832 0.70452 0.941603 -1.9992e-008 -0.991638 0.129047
16.946 -8.86835 -2.15832 0.825708 0.941801 0.0625775 -0.782019 0.620105
10.9428 -6.65368 -71.1236 0.236583 0.120937 0.474748 -0.190021 -0.859364
6.55647 -6.14505 -75.4994 0.201714 0.117554 0.898368 0.254373 -0.358091
7.32102 -0.723681 -74.1774 0.207792 0.08149 0.635666 0.121652 -0.762318
-6.99625 -6.14514 -86.5238 0.0939774 0.117554 -0.388698 0.128722 -0.912329
-14.5994 -6.65368 -85.2917 0.0335365 0.120937 0.239118 -0.428887 -0.871136
-14.5994 -0.723681 -85.2917 0.0335365 0.08149 0.309389 0.1532 -0.938514
-4.98289 -8.88445 -29.9178 0.00551191 0.00476903 0 -0.997066 0.0765404
-4.98289 -9.41845 -36.874 0.0252248 0.00476903 0 -0.99965 0.0264398
-4.70495 -9.41845 -36.874 0.0252248 0.00669003 0 -0.998672 0.0515142
-4.98289 -9.41845 -36.874 0.0252248 0.00476903 0 -0.99965 0.0264398
-4.98289 -9.54095 -126.652 0.279349 0.00476903 0 -0.99993 -0.011852
-4.70495 -9.54095 -126.652 0.279349 0.00669003 0 -0.999986 -0.00524373
-4.98289 -9.54095 -126.652 0.279349 0.00476903 0 -0.99993 -0.011852
-4.98289 -8.4879 -183.689 0.440756 0.00476903 0 -0.999981 -0.00615346
-4.70495 -8.4879 -183.689 0.440756 0.00669003 0 -0.999924 -0.0123068
-4.98289 -8.4879 -183.689 0.440756 0.00476903 0 -0.999981 -0.00615346
-4.98289 -8.4879 -195.254 0.473492 0.00476903 0 -1 -8.24622e-008
-4.70495 -8.4879 -195.254 0.473492 0.00669003 0 -1 -8.24622e-008
3.98805 -8.88445 -29.9178 0.0055119 0.066769 0 -0.997066 0.0765404
3.98805 -9.41845 -36.874 0.0252248 0.066769 0 -0.99965 0.0264398
4.26599 -9.41845 -36.874 0.0252248 0.06869 0 -0.998672 0.0515142
3.98805 -9.41845 -36.874 0.0252248 0.066769 0 -0.99965 0.0264398
3.98805 -9.54095 -126.652 0.279349 0.066769 0 -0.99993 -0.011852
4.26599 -9.54095 -126.652 0.279349 0.06869 0 -0.999986 -0.00524373
3.98805 -9.54095 -126.652 0.279349 0.066769 0 -0.99993 -0.011852
3.98805 -8.4879 -183.689 0.440756 0.066769 0 -0.999981 -0.00615343
4.26599 -8.4879 -183.689 0.440756 0.06869 0 -0.999924 -0.0123068
3.98805 -8.4879 -183.689 0.440756 0.066769 0 -0.999981 -0.00615343
3.98805 -8.4879 -224.695 0.556826 0.066769 0 -1 -4.65144e-008
4.26599 -8.4879 -224.695 0.556826 0.06869 0 -1 -4.65144e-008
2.19386 -8.88445 -29.9178 0.0055119 0.054369 0 -0.997066 0.0765404
2.19386 -9.41845 -36.874 0.0252248 0.054369 2.2889e-006 -0.99965 0.0264398
2.4718 -9.41845 -36.874 0.0252248 0.05629 0 -0.998672 0.0515142
2.19386 -9.41845 -36.874 0.0252248 0.054369 2.2889e-006 -0.99965 0.0264398
2.19386 -9.54095 -126.652 0.279349 0.054369 4.57473e-006 -0.99993 -0.011852
2.4718 -9.54095 -126.652 0.279349 0.05629 4.57473e-006 -0.999986 -0.00524372
2.19386 -9.54095 -126.652 0.279349 0.054369 4.57473e-006 -0.99993 -0.011852
2.19386 -8.4879 -183.689 0.440756 0.054369 0 -0.999981 -0.00615344
2.4718 -8.4879 -183.689 0.440756 0.05629 2.28716e-006 -0.999924 -0.0123068
2.19386 -8.4879 -183.689 0.440756 0.054369 0 -0.999981 -0.00615344
2.19386 -8.4879 -218.177 0.538376 0.054369 0 -1 -5.53052e-008
2.4718 -8.4879 -218.177 0.538376 0.05629 0 -1 -5.53052e-008
0.399671 -8.88445 -29.9178 0.0055119 0.041969 0 -0.997066 0.0765404
0.399671 -9.41845 -36.874 0.0252248 0.041969 0 -0.99965 0.0264398
0.677613 -9.41845 -36.874 0.0252248 0.04389 0 -0.998672 0.0515142
0.399671 -9.41845 -36.874 0.0252248 0.041969 0 -0.99965 0.0264398
0.399671 -9.54095 -126.652 0.279349 0.041969 0 -0.99993 -0.011852
0.677613 -9.54095 -126.652 0.279349 0.04389 0 -0.999986 -0.00524373
0.399671 -9.54095 -126.652 0.279349 0.041969 0 -0.99993 -0.011852
0.399671 -8.4879 -183.689 0.440756 0.041969 0 -0.999981 -0.00615344
0.677613 -8.4879 -183.689 0.440756 0.04389 0 -0.999924 -0.0123068
0.399671 -8.4879 -183.689 0.440756 0.041969 0 -0.999981 -0.00615344
0.399671 -8.4879 -212.738 0.52298 0.041969 0 -1 -6.56611e-008
0.677613 -8.4879 -212.738 0.52298 0.04389 0 -1 -6.56611e-008
-1.39452 -8.88445 -29.9178 0.0055119 0.029569 0 -0.997066 0.0765404
-1.39452 -9.41845 -36.874 0.0252248 0.029569 0 -0.99965 0.0264398
-1.11657 -9.41845 -36.874 0.0252248 0.03149 0 -0.998672 0.0515142
-1.39452 -9.41845 -36.874 0.0252248 0.029569 0 -0.99965 0.0264398
-1.39452 -9.54095 -126.652 0.279349 0.029569 0 -0.99993 -0.011852
-1.11657 -9.54095 -126.652 0.279349 0.03149 0 -0.999986 -0.00524373
-1.39452 -9.54095 -126.652 0.279349 0.029569 0 -0.99993 -0.011852
-1.39452 -8.4879 -183.689 0.440756 0.029569 0 -0.999981 -0.00615345
-1.11657 -8.4879 -183.689 0.440756 0.03149 0 -0.999924 -0.0123068
-1.39452 -8.4879 -183.689 0.440756 0.029569 0 -0.999981 -0.00615345
-1.39452 -8.4879 -207.039 0.506851 0.029569 0 -1 -8.16848e-008
-1.11657 -8.4879 -207.039 0.506851 0.03149 0 -1 -8.16848e-008
-3.1887 -8.88445 -29.9178 0.00551191 0.017169 0 -0.997066 0.0765404
-3.1887 -9.41845 -36.874 0.0252248 0.017169 2.2889e-006 -0.99965 0.0264398
-2.91076 -9.41845 -36.874 0.0252248 0.01909 0 -0.998672 0.0515142
-3.1887 -9.41845 -36.874 0.0252248 0.017169 2.2889e-006 -0.99965 0.0264398
-3.1887 -9.54095 -126.652 0.279349 0.017169 4.57473e-006 -0.99993 -0.011852
-2.91076 -9.54095 -126.652 0.279349 0.01909 4.57473e-006 -0.999986 -0.00524372
-3.1887 -9.54095 -126.652 0.279349 0.017169 4.57473e-006 -0.99993 -0.011852
-3.1887 -8.4879 -183.689 0.440756 0.017169 0 -0.999981 -0.00615347
-2.91076 -8.4879 -183.689 0.440756 0.01909 2.28716e-006 -0.999924 -0.0123068
-3.1887 -8.4879 -183.689 0.440756 0.017169 0 -0.999981 -0.00615347
-3.1887 -8.4879 -201.212 0.490354 0.017169 0 -1 -1.08853e-007
-2.91076 -8.4879 -201.212 0.490354 0.01909 0 -1 -1.08853e-007
-9.00533 -7.46342 -196.454 0.0846901 0.492157 0.924711 0 0.380669
-8.70603 -7.92525 -197.181 0.0878483 0.483809 0.924711 0 0.380669
-8.70603 -6.11276 -197.181 0.0878483 0.483809 0.924711 0 0.380669
-6.92784 -7.50696 -196.622 0.101456 0.486025 0.924706 0 0.380683
-6.78539 -7.50696 -196.968 0.102959 0.482052 0.924706 0 0.380683
-6.78539 -6.53105 -196.968 0.102959 0.482052 0.924706 0 0.380683
-8.44169 -7.92525 -197.823 0.0906376 0.476436 0.924711 0 0.380669
-8.1424 -7.46342 -198.55 0.0937958 0.468088 0.924711 0 0.380669
-8.1424 -6.57459 -198.55 0.0937958 0.468088 0.924711 0 0.380669
-10.9181 -7.42698 -197.255 0.0702649 0.487646 -0.924712 0 -0.380668
-10.9181 -6.61103 -197.255 0.0702649 0.487646 -0.924712 0 -0.380668
-10.4916 -6.11276 -198.291 0.0747654 0.47575 -0.92471 0 -0.380672
-10.4916 -7.92525 -198.291 0.0747654 0.47575 -0.924709 0 -0.380675
-10.4916 -6.11276 -198.291 0.0747654 0.47575 -0.92471 0 -0.380672
-10.0651 -6.61103 -199.327 0.0792659 0.463854 -0.924707 0 -0.380679
-9.00533 -7.46342 -196.454 0.0846901 0.492157 -0.195596 -0.875022 0.442807
-9.68083 -7.28948 -196.411 0.0792519 0.494018 -0.192805 -0.862252 0.468347
-10.4482 -7.28948 -196.727 0.0734587 0.492268 -0.188474 -0.881252 0.433442
-10.4916 -7.92525 -198.291 0.0747654 0.47575 0.0593121 -0.970418 -0.234032
-8.44169 -7.92525 -197.823 0.0906376 0.476436 0.0591111 -0.96415 -0.25869
-8.70603 -7.92525 -197.181 0.0878483 0.483809 -0.146121 -0.949573 0.277417
-8.44169 -7.92525 -197.823 0.0906376 0.476436 0.0591111 -0.96415 -0.25869
-10.4916 -7.92525 -198.291 0.0747654 0.47575 0.0593121 -0.970418 -0.234032
-10.0651 -7.42698 -199.327 0.0792659 0.463854 0.154687 -0.913714 -0.375764
-8.59244 -7.28948 -199.055 0.0907367 0.463661 0.380677 0 -0.924708
-9.35981 -7.28948 -199.371 0.0849435 0.461911 0.380677 0 -0.924708
-9.35981 -6.74853 -199.371 0.0849435 0.461911 0.380677 0 -0.924708
-8.1424 -6.57459 -198.55 0.0937958 0.468088 0.192795 0.862253 -0.468347
-8.59244 -6.74853 -199.055 0.0907367 0.463661 0.1928 0.862252 -0.468347
-9.35981 -6.74853 -199.371 0.0849435 0.461911 0.16852 0.872706 -0.45824
-10.4916 -6.11276 -198.291 0.0747654 0.47575 -0.0444115 0.998846 -0.0182841
-8.70603 -6.11276 -197.181 0.0878483 0.483809 -0.159294 0.935174 0.316347
-8.44169 -6.11276 -197.823 0.0906376 0.476436 0.126841 0.922534 -0.364474
-8.70603 -6.11276 -197.181 0.0878483 0.483809 -0.159294 0.935174 0.316347
-10.4916 -6.11276 -198.291 0.0747654 0.47575 -0.0444115 0.998846 -0.0182841
-10.9181 -6.61103 -197.255 0.0702649 0.487646 -0.215155 0.897688 0.384532
-9.68083 -6.74853 -196.411 0.0792519 0.494018 -0.380677 0 0.924708
-10.4482 -6.74853 -196.727 0.0734587 0.492268 -0.380677 0 0.924708
-10.4482 -7.28948 -196.727 0.0734587 0.492268 -0.380677 0 0.924708
-8.70603 -7.92525 -197.181 0.0878483 0.483809 0.924707 0 0.38068
-8.64508 -7.50696 -197.329 0.0884914 0.482109 0.924707 0 0.38068
-8.64508 -6.53105 -197.329 0.0884914 0.482109 0.924707 0 0.38068
-8.70603 -6.11276 -197.181 0.0878483 0.483809 0.924709 6.09513e-007 0.380675
-8.64508 -6.53105 -197.329 0.0884914 0.482109 0.924709 2.64346e-006 0.380674
-8.50264 -6.53105 -197.675 0.0899945 0.478136 0.924709 6.09513e-007 0.380675
-8.44169 -6.11276 -197.823 0.0906376 0.476436 0.924707 0 0.38068
-8.50264 -6.53105 -197.675 0.0899945 0.478136 0.924707 0 0.38068
-8.50264 -7.50696 -197.675 0.0899945 0.478136 0.924707 0 0.38068
-8.44169 -7.92525 -197.823 0.0906376 0.476436 0.924709 6.09513e-007 0.380675
-8.50264 -7.50696 -197.675 0.0899945 0.478136 0.924709 2.64346e-006 0.380674
-8.64508 -7.50696 -197.329 0.0884914 0.482109 0.924709 6.09513e-007 0.380675
-8.64508 -7.50696 -197.329 0.0884914 0.482109 -0.380675 0 0.924709
-6.92784 -7.50696 -196.622 0.101456 0.486025 -0.380675 0 0.924709
-6.92784 -6.53105 -196.622 0.101456 0.486025 -0.380675 0 0.924709
-8.64508 -6.53105 -197.329 0.0884914 0.482109 0 1 -0
-6.92784 -6.53105 -196.622 0.101456 0.486025 0 1 -0
-6.78539 -6.53105 -196.968 0.102959 0.482052 0 1 -0
-8.50264 -6.53105 -197.675 0.0899945 0.478136 0.380675 0 -0.924709
-6.78539 -6.53105 -196.968 0.102959 0.482052 0.380675 0 -0.924709
-6.78539 -7.50696 -196.968 0.102959 0.482052 0.380675 0 -0.924709
-8.50264 -7.50696 -197.675 0.0899945 0.478136 0 -1 -0
-6.78539 -7.50696 -196.968 0.102959 0.482052 0 -1 -0
-6.92784 -7.50696 -196.622 0.101456 0.486025 0 -1 -0
-10.9181 -6.61103 -197.255 0.0702649 0.487646 -0.746893 0 0.664944
-10.9181 -7.42698 -197.255 0.0702649 0.487646 -0.746893 0 0.664944
-10.4482 -7.28948 -196.727 0.0734587 0.492268 -0.746893 0 0.664944
-10.0651 -7.42698 -199.327 0.0792659 0.463854 -0.0622983 0 -0.998058
-10.0651 -6.61103 -199.327 0.0792659 0.463854 -0.0622983 0 -0.998058
-9.35981 -6.74853 -199.371 0.0849435 0.461911 -0.0622983 0 -0.998058
-9.00533 -7.46342 -196.454 0.0846901 0.492157 0.0622913 0 0.998058
-9.00533 -6.57459 -196.454 0.0846901 0.492157 0.0622913 0 0.998058
-9.68083 -6.74853 -196.411 0.0792519 0.494018 0.0622913 0 0.998058
-8.1424 -6.57459 -198.55 0.0937958 0.468088 0.746894 0 -0.664943
-8.1424 -7.46342 -198.55 0.0937958 0.468088 0.746894 0 -0.664943
-8.59244 -7.28948 -199.055 0.0907367 0.463661 0.746894 0 -0.664943
-7.38671 -7.46342 -202.205 0.0846901 0.492157 0.924711 0 0.380669
-7.08741 -7.92525 -202.932 0.0878483 0.483809 0.924711 0 0.380669
-7.08741 -6.11276 -202.932 0.0878483 0.483809 0.924711 0 0.380669
-5.30921 -7.50696 -202.373 0.101456 0.486025 0.924708 -1.80728e-006 0.380678
-5.16677 -7.50696 -202.719 0.102959 0.482052 0.924706 0 0.380683
-5.16677 -6.53105 -202.719 0.102959 0.482052 0.924708 -1.80728e-006 0.380678
-6.82307 -7.92525 -203.574 0.0906376 0.476436 0.924711 0 0.380669
-6.52377 -7.46342 -204.301 0.0937958 0.468088 0.924711 0 0.380669
-6.52377 -6.57459 -204.301 0.0937958 0.468088 0.924711 0 0.380669
-9.29944 -7.42698 -203.006 0.0702649 0.487646 -0.924709 0 -0.380674
-9.29944 -6.61103 -203.006 0.0702649 0.487646 -0.924709 0 -0.380674
-8.87294 -6.11276 -204.042 0.0747654 0.47575 -0.924709 0 -0.380674
-8.87294 -7.92525 -204.042 0.0747654 0.47575 -0.92471 0 -0.380673
-8.87294 -6.11276 -204.042 0.0747654 0.47575 -0.924709 0 -0.380674
-8.44644 -6.61103 -205.078 0.0792659 0.463854 -0.92471 0 -0.380673
-7.38671 -7.46342 -202.205 0.0846901 0.492157 -0.195596 -0.875022 0.442807
-8.06221 -7.28948 -202.163 0.0792519 0.494018 -0.192805 -0.862252 0.468347
-8.82958 -7.28948 -202.479 0.0734587 0.492268 -0.188474 -0.881252 0.433442
-8.87294 -7.92525 -204.042 0.0747654 0.47575 0.059312 -0.970418 -0.234032
-6.82307 -7.92525 -203.574 0.0906376 0.476436 0.0591112 -0.96415 -0.25869
-7.08741 -7.92525 -202.932 0.0878483 0.483809 -0.146121 -0.949573 0.277417
-6.82307 -7.92525 -203.574 0.0906376 0.476436 0.0591112 -0.96415 -0.25869
-8.87294 -7.92525 -204.042 0.0747654 0.47575 0.059312 -0.970418 -0.234032
-8.44644 -7.42698 -205.078 0.0792659 0.463854 0.154687 -0.913714 -0.375765
-6.97381 -7.28948 -204.807 0.0907367 0.463661 0.380675 0 -0.924709
-7.74118 -7.28948 -205.122 0.0849435 0.461911 0.380675 0 -0.924709
-7.74118 -6.74853 -205.122 0.0849435 0.461911 0.380675 0 -0.924709
-6.52377 -6.57459 -204.301 0.0937958 0.468088 0.192795 0.862253 -0.468347
-6.97381 -6.74853 -204.807 0.0907367 0.463661 0.1928 0.862252 -0.468347
-7.74118 -6.74853 -205.122 0.0849435 0.461911 0.16852 0.872707 -0.458241
-8.87294 -6.11276 -204.042 0.0747654 0.47575 -0.0444114 0.998846 -0.0182847
-7.08741 -6.11276 -202.932 0.0878483 0.483809 -0.159294 0.935174 0.316347
-6.82307 -6.11276 -203.574 0.0906376 0.476436 0.126841 0.922534 -0.364474
-7.08741 -6.11276 -202.932 0.0878483 0.483809 -0.159294 0.935174 0.316347
-8.87294 -6.11276 -204.042 0.0747654 0.47575 -0.0444114 0.998846 -0.0182847
-9.29944 -6.61103 -203.006 0.0702649 0.487646 -0.215155 0.897688 0.384531
-8.06221 -6.74853 -202.163 0.0792519 0.494018 -0.380677 0 0.924708
-8.82958 -6.74853 -202.479 0.0734587 0.492268 -0.380677 0 0.924708
-8.82958 -7.28948 -202.479 0.0734587 0.492268 -0.380677 0 0.924708
-7.08741 -7.92525 -202.932 0.0878483 0.483809 0.924707 0 0.38068
-7.02646 -7.50696 -203.08 0.0884914 0.482109 0.924707 0 0.38068
-7.02646 -6.53105 -203.08 0.0884914 0.482109 0.924707 0 0.38068
-7.08741 -6.11276 -202.932 0.0878483 0.483809 0.924708 -2.63483e-006 0.380678
-7.02646 -6.53105 -203.08 0.0884914 0.482109 0.924709 2.64346e-006 0.380674
-6.88402 -6.53105 -203.426 0.0899945 0.478136 0.924708 -2.63483e-006 0.380678
-6.82307 -6.11276 -203.574 0.0906376 0.476436 0.924701 1.80725e-006 0.380695
-6.88402 -6.53105 -203.426 0.0899945 0.478136 0.924695 3.61451e-006 0.380709
-6.88402 -7.50696 -203.426 0.0899945 0.478136 0.924701 1.80725e-006 0.380695
-6.82307 -7.92525 -203.574 0.0906376 0.476436 0.924706 -2.22521e-007 0.380682
-6.88402 -7.50696 -203.426 0.0899945 0.478136 0.924706 -9.65075e-007 0.380683
-7.02646 -7.50696 -203.08 0.0884914 0.482109 0.924706 -2.22521e-007 0.380682
-7.02646 -7.50696 -203.08 0.0884914 0.482109 -0.380675 7.44004e-007 0.924709
-5.30921 -7.50696 -202.373 0.101456 0.486025 -0.380675 1.48801e-006 0.924709
-5.30921 -6.53105 -202.373 0.101456 0.486025 -0.380675 7.44004e-007 0.924709
-7.02646 -6.53105 -203.08 0.0884914 0.482109 0 1 -0
-5.30921 -6.53105 -202.373 0.101456 0.486025 0 1 -0
-5.16677 -6.53105 -202.719 0.102959 0.482052 0 1 -0
-6.88402 -6.53105 -203.426 0.0899945 0.478136 0.380675 7.44004e-007 -0.924709
-5.16677 -6.53105 -202.719 0.102959 0.482052 0.380675 0 -0.924709
-5.16677 -7.50696 -202.719 0.102959 0.482052 0.380675 7.44004e-007 -0.924709
-6.88402 -7.50696 -203.426 0.0899945 0.478136 0 -1 -0
-5.16677 -7.50696 -202.719 0.102959 0.482052 0 -1 -0
-5.30921 -7.50696 -202.373 0.101456 0.486025 0 -1 -0
-9.29944 -6.61103 -203.006 0.0702649 0.487646 -0.746893 0 0.664944
-9.29944 -7.42698 -203.006 0.0702649 0.487646 -0.746893 0 0.664944
-8.82958 -7.28948 -202.479 0.0734587 0.492268 -0.746893 0 0.664944
-8.44644 -7.42698 -205.078 0.0792659 0.463854 -0.0622983 0 -0.998058
-8.44644 -6.61103 -205.078 0.0792659 0.463854 -0.0622983 0 -0.998058
-7.74118 -6.74853 -205.122 0.0849435 0.461911 -0.0622983 0 -0.998058
-7.38671 -7.46342 -202.205 0.0846901 0.492157 0.0622913 0 0.998058
-7.38671 -6.57459 -202.205 0.0846901 0.492157 0.0622913 0 0.998058
-8.06221 -6.74853 -202.163 0.0792519 0.494018 0.0622913 0 0.998058
-6.52377 -6.57459 -204.301 0.0937958 0.468088 0.746894 0 -0.664943
-6.52377 -7.46342 -204.301 0.0937958 0.468088 0.746894 0 -0.664943
-6.97381 -7.28948 -204.807 0.0907367 0.463661 0.746894 0 -0.664943
-5.66842 -7.46343 -207.723 0.0846901 0.492157 0.924712 -4.86985e-006 0.380668
-5.36913 -7.92525 -208.45 0.0878483 0.483809 0.924711 -3.20477e-006 0.380671
-5.36913 -6.11276 -208.45 0.0878483 0.483809 0.924712 -4.86985e-006 0.380668
-3.59093 -7.50696 -207.891 0.101456 0.486025 0.924709 -5.95201e-006 0.380674
-3.44849 -7.50696 -208.237 0.102959 0.482052 0.924709 -5.95201e-006 0.380674
-3.44849 -6.53105 -208.237 0.102959 0.482052 0.924709 -5.95201e-006 0.380674
-5.10478 -7.92525 -209.092 0.0906376 0.476436 0.924712 -1.60235e-006 0.380667
-4.80549 -7.46343 -209.819 0.0937958 0.468088 0.924711 0 0.380669
-4.80549 -6.57459 -209.819 0.0937958 0.468088 0.924712 -1.60235e-006 0.380667
-7.58116 -7.42698 -208.525 0.0702649 0.487646 -0.924712 0 -0.380668
-7.58116 -6.61103 -208.525 0.0702649 0.487646 -0.924712 0 -0.380668
-7.15466 -6.11276 -209.561 0.0747654 0.47575 -0.92471 0 -0.380672
-7.15466 -7.92525 -209.561 0.0747654 0.47575 -0.924709 0 -0.380675
-7.15466 -6.11276 -209.561 0.0747654 0.47575 -0.92471 0 -0.380672
-6.72815 -6.61103 -210.597 0.0792659 0.463854 -0.924707 0 -0.380679
-5.66842 -7.46343 -207.723 0.0846901 0.492157 -0.195596 -0.875022 0.442807
-6.34393 -7.28948 -207.681 0.0792519 0.494018 -0.192805 -0.862252 0.468347
-7.11129 -7.28948 -207.997 0.0734587 0.492268 -0.188474 -0.881252 0.433442
-7.15466 -7.92525 -209.561 0.0747654 0.47575 0.0593121 -0.970418 -0.234032
-5.10478 -7.92525 -209.092 0.0906376 0.476436 0.0591111 -0.96415 -0.25869
-5.36913 -7.92525 -208.45 0.0878483 0.483809 -0.146121 -0.949573 0.277417
-5.10478 -7.92525 -209.092 0.0906376 0.476436 0.0591111 -0.96415 -0.25869
-7.15466 -7.92525 -209.561 0.0747654 0.47575 0.0593121 -0.970418 -0.234032
-6.72815 -7.42698 -210.597 0.0792659 0.463854 0.154687 -0.913714 -0.375764
-5.25553 -7.28948 -210.325 0.0907367 0.463661 0.380677 0 -0.924708
-6.0229 -7.28948 -210.641 0.0849435 0.461911 0.380677 0 -0.924708
-6.0229 -6.74853 -210.641 0.0849435 0.461911 0.380677 0 -0.924708
-4.80549 -6.57459 -209.819 0.0937958 0.468088 0.192789 0.862257 -0.468342
-5.25553 -6.74853 -210.325 0.0907367 0.463661 0.192796 0.862256 -0.468342
-6.0229 -6.74853 -210.641 0.0849435 0.461911 0.16852 0.872709 -0.458236
-7.15466 -6.11276 -209.561 0.0747654 0.47575 -0.0444113 0.998846 -0.0182841
-5.36913 -6.11276 -208.45 0.0878483 0.483809 -0.159296 0.935174 0.316347
-5.10478 -6.11276 -209.092 0.0906376 0.476436 0.12684 0.922536 -0.364471
-5.36913 -6.11276 -208.45 0.0878483 0.483809 -0.159296 0.935174 0.316347
-7.15466 -6.11276 -209.561 0.0747654 0.47575 -0.0444113 0.998846 -0.0182841
-7.58116 -6.61103 -208.525 0.0702649 0.487646 -0.215158 0.897687 0.384532
-6.34393 -6.74853 -207.681 0.0792519 0.494018 -0.380685 -1.3042e-005 0.924705
-7.11129 -6.74853 -207.997 0.0734587 0.492268 -0.380692 0 0.924702
-7.11129 -7.28948 -207.997 0.0734587 0.492268 -0.380685 -1.3042e-005 0.924705
-5.36913 -7.92525 -208.45 0.0878483 0.483809 0.924702 1.37412e-006 0.380691
-5.30818 -7.50696 -208.598 0.0884914 0.482109 0.924687 5.95286e-006 0.380728
-5.30818 -6.53105 -208.598 0.0884914 0.482109 0.924702 1.37412e-006 0.380691
-5.36913 -6.11276 -208.45 0.0878483 0.483809 0.924709 -1.32773e-005 0.380675
-5.30818 -6.53105 -208.598 0.0884914 0.482109 0.924709 -1.12433e-005 0.380674
-5.16574 -6.53105 -208.944 0.0899945 0.478136 0.924709 -1.32773e-005 0.380675
-5.10478 -6.11276 -209.092 0.0906376 0.476436 0.924698 -1.60245e-006 0.380701
-5.16574 -6.53105 -208.944 0.0899945 0.478136 0.924693 0 0.380714
-5.16574 -7.50696 -208.944 0.0899945 0.478136 0.924698 -1.60245e-006 0.380701
-5.10478 -7.92525 -209.092 0.0906376 0.476436 0.924712 -3.36296e-006 0.380668
-5.16574 -7.50696 -208.944 0.0899945 0.478136 0.924715 8.58534e-006 0.38066
-5.30818 -7.50696 -208.598 0.0884914 0.482109 0.924712 -3.36296e-006 0.380668
-5.30818 -7.50696 -208.598 0.0884914 0.482109 -0.380675 -4.502e-011 0.924709
-3.59093 -7.50696 -207.891 0.101456 0.486025 -0.380668 -1.44583e-005 0.924712
-3.59093 -6.53105 -207.891 0.101456 0.486025 -0.380675 -4.502e-011 0.924709
-5.30818 -6.53105 -208.598 0.0884914 0.482109 0 1 -0
-3.59093 -6.53105 -207.891 0.101456 0.486025 0 1 -0
-3.44849 -6.53105 -208.237 0.102959 0.482052 0 1 -0
-5.16574 -6.53105 -208.944 0.0899945 0.478136 0.380679 7.2291e-006 -0.924707
-3.44849 -6.53105 -208.237 0.102959 0.482052 0.380682 1.44582e-005 -0.924706
-3.44849 -7.50696 -208.237 0.102959 0.482052 0.380679 7.2291e-006 -0.924707
-5.16574 -7.50696 -208.944 0.0899945 0.478136 0 -1 -0
-3.44849 -7.50696 -208.237 0.102959 0.482052 0 -1 -0
-3.59093 -7.50696 -207.891 0.101456 0.486025 0 -1 -0
-7.58116 -6.61103 -208.525 0.0702649 0.487646 -0.746893 0 0.664944
-7.58116 -7.42698 -208.525 0.0702649 0.487646 -0.746893 0 0.664944
-7.11129 -7.28948 -207.997 0.0734587 0.492268 -0.746893 0 0.664944
-6.72815 -7.42698 -210.597 0.0792659 0.463854 -0.0622983 0 -0.998058
-6.72815 -6.61103 -210.597 0.0792659 0.463854 -0.0622983 0 -0.998058
-6.0229 -6.74853 -210.641 0.0849435 0.461911 -0.0622983 0 -0.998058
-5.66842 -7.46343 -207.723 0.0846901 0.492157 0.0622899 -2.26434e-005 0.998058
-5.66842 -6.57459 -207.723 0.0846901 0.492157 0.0622957 -1.71338e-005 0.998058
-6.34393 -6.74853 -207.681 0.0792519 0.494018 0.0622899 -2.26434e-005 0.998058
-4.80549 -6.57459 -209.819 0.0937958 0.468088 0.746894 0 -0.664943
-4.80549 -7.46343 -209.819 0.0937958 0.468088 0.746894 0 -0.664943
-5.25553 -7.28948 -210.325 0.0907367 0.463661 0.746894 0 -0.664943
-3.80954 -7.46343 -213.443 0.0846901 0.492157 0.924711 0 0.380669
-3.51024 -7.92525 -214.17 0.0878483 0.483809 0.924711 0 0.380669
-3.51024 -6.11277 -214.17 0.0878483 0.483809 0.924711 0 0.380669
-1.73204 -7.50696 -213.611 0.101456 0.486025 0.924709 0 0.380674
-1.5896 -7.50696 -213.957 0.102959 0.482052 0.924709 0 0.380674
-1.5896 -6.53105 -213.957 0.102959 0.482052 0.924709 0 0.380674
-3.2459 -7.92525 -214.812 0.0906376 0.476436 0.924711 0 0.380669
-2.9466 -7.46343 -215.539 0.0937958 0.468088 0.924711 0 0.380669
-2.9466 -6.57459 -215.539 0.0937958 0.468088 0.924711 0 0.380669
-5.72227 -7.42698 -214.245 0.0702649 0.487646 -0.924712 0 -0.380668
-5.72227 -6.61103 -214.245 0.0702649 0.487646 -0.924712 0 -0.380668
-5.29577 -6.11277 -215.281 0.0747654 0.47575 -0.92471 0 -0.380672
-5.29577 -7.92525 -215.281 0.0747654 0.47575 -0.924709 0 -0.380675
-5.29577 -6.11277 -215.281 0.0747654 0.47575 -0.92471 0 -0.380672
-4.86927 -6.61103 -216.317 0.0792659 0.463854 -0.924707 0 -0.380679
-3.80954 -7.46343 -213.443 0.0846901 0.492157 -0.195596 -0.875022 0.442807
-4.48504 -7.28948 -213.401 0.0792519 0.494018 -0.192805 -0.862252 0.468347
-5.25241 -7.28948 -213.717 0.0734587 0.492268 -0.188474 -0.881252 0.433442
-5.29577 -7.92525 -215.281 0.0747654 0.47575 0.0593121 -0.970418 -0.234032
-3.2459 -7.92525 -214.812 0.0906376 0.476436 0.0591111 -0.96415 -0.25869
-3.51024 -7.92525 -214.17 0.0878483 0.483809 -0.146121 -0.949573 0.277417
-3.2459 -7.92525 -214.812 0.0906376 0.476436 0.0591111 -0.96415 -0.25869
-5.29577 -7.92525 -215.281 0.0747654 0.47575 0.0593121 -0.970418 -0.234032
-4.86927 -7.42698 -216.317 0.0792659 0.463854 0.154687 -0.913714 -0.375764
-3.39665 -7.28948 -216.045 0.0907367 0.463661 0.380677 0 -0.924708
-4.16401 -7.28948 -216.361 0.0849435 0.461911 0.380677 0 -0.924708
-4.16401 -6.74853 -216.361 0.0849435 0.461911 0.380677 0 -0.924708
-2.9466 -6.57459 -215.539 0.0937958 0.468088 0.192795 0.862254 -0.468347
-3.39665 -6.74853 -216.045 0.0907367 0.463661 0.1928 0.862253 -0.468347
-4.16401 -6.74853 -216.361 0.0849435 0.461911 0.16852 0.872707 -0.45824
-5.29577 -6.11277 -215.281 0.0747654 0.47575 -0.0444115 0.998846 -0.0182841
-3.51024 -6.11277 -214.17 0.0878483 0.483809 -0.159293 0.935174 0.316347
-3.2459 -6.11277 -214.812 0.0906376 0.476436 0.126841 0.922535 -0.364474
-3.51024 -6.11277 -214.17 0.0878483 0.483809 -0.159293 0.935174 0.316347
-5.29577 -6.11277 -215.281 0.0747654 0.47575 -0.0444115 0.998846 -0.0182841
-5.72227 -6.61103 -214.245 0.0702649 0.487646 -0.215155 0.897688 0.384531
-4.48504 -6.74853 -213.401 0.0792519 0.494018 -0.380677 0 0.924708
-5.25241 -6.74853 -213.717 0.0734587 0.492268 -0.380677 0 0.924708
-5.25241 -7.28948 -213.717 0.0734587 0.492268 -0.380677 0 0.924708
-3.51024 -7.92525 -214.17 0.0878483 0.483809 0.924707 0 0.38068
-3.44929 -7.50696 -214.318 0.0884914 0.482109 0.924707 0 0.38068
-3.44929 -6.53105 -214.318 0.0884914 0.482109 0.924707 0 0.38068
-3.51024 -6.11277 -214.17 0.0878483 0.483809 0.924709 6.09514e-007 0.380675
-3.44929 -6.53105 -214.318 0.0884914 0.482109 0.924709 2.64346e-006 0.380674
-3.30685 -6.53105 -214.664 0.0899945 0.478136 0.924709 6.09514e-007 0.380675
-3.2459 -6.11277 -214.812 0.0906376 0.476436 0.924707 0 0.38068
-3.30685 -6.53105 -214.664 0.0899945 0.478136 0.924707 0 0.38068
-3.30685 -7.50696 -214.664 0.0899945 0.478136 0.924707 0 0.38068
-3.2459 -7.92525 -214.812 0.0906376 0.476436 0.924709 6.09513e-007 0.380675
-3.30685 -7.50696 -214.664 0.0899945 0.478136 0.924709 2.64346e-006 0.380674
-3.44929 -7.50696 -214.318 0.0884914 0.482109 0.924709 6.09513e-007 0.380675
-3.44929 -7.50696 -214.318 0.0884914 0.482109 -0.380675 0 0.924709
-1.73204 -7.50696 -213.611 0.101456 0.486025 -0.380675 0 0.924709
-1.73204 -6.53105 -213.611 0.101456 0.486025 -0.380675 0 0.924709
-3.44929 -6.53105 -214.318 0.0884914 0.482109 0 1 -0
-1.73204 -6.53105 -213.611 0.101456 0.486025 0 1 -0
-1.5896 -6.53105 -213.957 0.102959 0.482052 0 1 -0
-3.30685 -6.53105 -214.664 0.0899945 0.478136 0.380675 0 -0.924709
-1.5896 -6.53105 -213.957 0.102959 0.482052 0.380675 0 -0.924709
-1.5896 -7.50696 -213.957 0.102959 0.482052 0.380675 0 -0.924709
-3.30685 -7.50696 -214.664 0.0899945 0.478136 0 -1 -0
-1.5896 -7.50696 -213.957 0.102959 0.482052 0 -1 -0
-1.73204 -7.50696 -213.611 0.101456 0.486025 0 -1 -0
-5.72227 -6.61103 -214.245 0.0702649 0.487646 -0.746893 0 0.664944
-5.72227 -7.42698 -214.245 0.0702649 0.487646 -0.746893 0 0.664944
-5.25241 -7.28948 -213.717 0.0734587 0.492268 -0.746893 0 0.664944
-4.86927 -7.42698 -216.317 0.0792659 0.463854 -0.0622983 0 -0.998058
-4.86927 -6.61103 -216.317 0.0792659 0.463854 -0.0622983 0 -0.998058
-4.16401 -6.74853 -216.361 0.0849435 0.461911 -0.0622983 0 -0.998058
-3.80954 -7.46343 -213.443 0.0846901 0.492157 0.0622913 0 0.998058
-3.80954 -6.57459 -213.443 0.0846901 0.492157 0.0622913 0 0.998058
-4.48504 -6.74853 -213.401 0.0792519 0.494018 0.0622913 0 0.998058
-2.9466 -6.57459 -215.539 0.0937958 0.468088 0.746894 0 -0.664943
-2.9466 -7.46343 -215.539 0.0937958 0.468088 0.746894 0 -0.664943
-3.39665 -7.28948 -216.045 0.0907367 0.463661 0.746894 0 -0.664943
-2.06179 -7.46343 -219.056 0.0846901 0.492157 0.924711 -1.91242e-006 0.380669
-1.7625 -7.92525 -219.783 0.0878483 0.483809 0.924711 -1.25853e-006 0.38067
-1.7625 -6.11277 -219.783 0.0878483 0.483809 0.924711 -1.91242e-006 0.380669
0.0157022 -7.50696 -219.224 0.101456 0.486025 0.924709 -2.33745e-006 0.380674
0.158143 -7.50696 -219.57 0.102959 0.482052 0.924709 -2.33745e-006 0.380674
0.158139 -6.53105 -219.57 0.102959 0.482052 0.924709 -2.33745e-006 0.380674
-1.49815 -7.92525 -220.425 0.0906376 0.476436 0.924712 1.98433e-006 0.380668
-1.19886 -7.46343 -221.152 0.0937958 0.468088 0.92471 3.96865e-006 0.380671
-1.19886 -6.57459 -221.152 0.0937958 0.468088 0.924712 1.98433e-006 0.380668
-3.97453 -7.42698 -219.858 0.0702649 0.487646 -0.924712 0 -0.380666
-3.97453 -6.61103 -219.858 0.0702649 0.487646 -0.924712 0 -0.380666
-3.54803 -6.11277 -220.894 0.0747654 0.47575 -0.924711 0 -0.380671
-3.54803 -7.92525 -220.894 0.0747654 0.47575 -0.924709 0 -0.380675
-3.54803 -6.11277 -220.894 0.0747654 0.47575 -0.924711 0 -0.380671
-3.12152 -6.61103 -221.93 0.0792659 0.463854 -0.924707 0 -0.380679
-2.06179 -7.46343 -219.056 0.0846901 0.492157 -0.195594 -0.875027 0.442799
-2.7373 -7.28948 -219.014 0.0792519 0.494018 -0.192801 -0.862271 0.468313
-3.50466 -7.28948 -219.33 0.0734587 0.492268 -0.188472 -0.881258 0.433431
-3.54803 -7.92525 -220.894 0.0747654 0.47575 0.0593138 -0.970418 -0.234031
-1.49815 -7.92525 -220.425 0.0906376 0.476436 0.0591129 -0.96415 -0.25869
-1.7625 -7.92525 -219.783 0.0878483 0.483809 -0.146119 -0.949573 0.277416
-1.49815 -7.92525 -220.425 0.0906376 0.476436 0.0591129 -0.96415 -0.25869
-3.54803 -7.92525 -220.894 0.0747654 0.47575 0.0593138 -0.970418 -0.234031
-3.12152 -7.42698 -221.93 0.0792659 0.463854 0.154687 -0.913714 -0.375764
-1.6489 -7.28948 -221.658 0.0907367 0.463661 0.380677 0 -0.924708
-2.41627 -7.28948 -221.974 0.0849435 0.461911 0.380677 0 -0.924708
-2.41627 -6.74853 -221.974 0.0849435 0.461911 0.380677 0 -0.924708
-1.19886 -6.57459 -221.152 0.0937958 0.468088 0.192808 0.862253 -0.468342
-1.6489 -6.74853 -221.658 0.0907367 0.463661 0.192806 0.862254 -0.468342
-2.41627 -6.74853 -221.974 0.0849435 0.461911 0.16852 0.872709 -0.458236
-3.54803 -6.11277 -220.894 0.0747654 0.47575 -0.0444106 0.998846 -0.0182855
-1.7625 -6.11277 -219.783 0.0878483 0.483809 -0.159295 0.935173 0.316348
-1.49815 -6.11277 -220.425 0.0906376 0.476436 0.126844 0.922535 -0.364471
-1.7625 -6.11277 -219.783 0.0878483 0.483809 -0.159295 0.935173 0.316348
-3.54803 -6.11277 -220.894 0.0747654 0.47575 -0.0444106 0.998846 -0.0182855
-3.97453 -6.61103 -219.858 0.0702649 0.487646 -0.215155 0.897687 0.384535
-2.7373 -6.74853 -219.014 0.0792519 0.494018 -0.380692 2.68462e-006 0.924702
-3.50466 -6.74853 -219.33 0.0734587 0.492268 -0.380692 2.68462e-006 0.924702
-3.50466 -7.28948 -219.33 0.0734587 0.492268 -0.380692 2.68462e-006 0.924702
-1.7625 -7.92525 -219.783 0.0878483 0.483809 0.924705 5.39673e-007 0.380685
-1.70155 -7.50696 -219.931 0.0884914 0.482109 0.924699 2.33788e-006 0.380699
-1.70154 -6.53105 -219.931 0.0884914 0.482109 0.924705 5.39673e-007 0.380685
-1.7625 -6.11277 -219.783 0.0878483 0.483809 0.924705 -4.11647e-006 0.380685
-1.70154 -6.53105 -219.931 0.0884914 0.482109 0.924703 -8.75298e-006 0.380688
-1.5591 -6.53105 -220.277 0.0899945 0.478136 0.924705 -4.11647e-006 0.380685
-1.49815 -6.11277 -220.425 0.0906376 0.476436 0.924707 0 0.38068
-1.5591 -6.53105 -220.277 0.0899945 0.478136 0.924707 0 0.38068
-1.5591 -7.50696 -220.277 0.0899945 0.478136 0.924707 0 0.38068
-1.49815 -7.92525 -220.425 0.0906376 0.476436 0.924705 -2.32073e-006 0.380684
-1.5591 -7.50696 -220.277 0.0899945 0.478136 0.924706 -9.65075e-007 0.380683
-1.70155 -7.50696 -219.931 0.0884914 0.482109 0.924705 -2.32073e-006 0.380684
-1.70155 -7.50696 -219.931 0.0884914 0.482109 -0.380675 -1.90994e-011 0.924709
0.0157022 -7.50696 -219.224 0.101456 0.486025 -0.380667 -1.59463e-005 0.924712
0.0156984 -6.53105 -219.224 0.101456 0.486025 -0.380675 -1.90994e-011 0.924709
-1.70154 -6.53105 -219.931 0.0884914 0.482109 0 1 -0
0.0156984 -6.53105 -219.224 0.101456 0.486025 0 1 -0
0.158139 -6.53105 -219.57 0.102959 0.482052 0 1 -0
-1.5591 -6.53105 -220.277 0.0899945 0.478136 0.380672 7.97313e-006 -0.92471
0.158139 -6.53105 -219.57 0.102959 0.482052 0.380676 1.59463e-005 -0.924709
0.158143 -7.50696 -219.57 0.102959 0.482052 0.380672 7.97313e-006 -0.92471
-1.5591 -7.50696 -220.277 0.0899945 0.478136 0 -1 -0
0.158143 -7.50696 -219.57 0.102959 0.482052 0 -1 -0
0.0157022 -7.50696 -219.224 0.101456 0.486025 0 -1 -0
-3.97453 -6.61103 -219.858 0.0702649 0.487646 -0.746882 2.63348e-006 0.664957
-3.97453 -7.42698 -219.858 0.0702649 0.487646 -0.746884 0 0.664955
-3.50466 -7.28948 -219.33 0.0734587 0.492268 -0.746882 2.63348e-006 0.664957
-3.12152 -7.42698 -221.93 0.0792659 0.463854 -0.0622983 0 -0.998058
-3.12152 -6.61103 -221.93 0.0792659 0.463854 -0.0622983 0 -0.998058
-2.41627 -6.74853 -221.974 0.0849435 0.461911 -0.0622983 0 -0.998058
-2.06179 -7.46343 -219.056 0.0846901 0.492157 0.0623046 -8.65292e-006 0.998057
-2.06179 -6.57459 -219.056 0.0846901 0.492157 0.0622959 -1.68664e-005 0.998058
-2.7373 -6.74853 -219.014 0.0792519 0.494018 0.0623046 -8.65292e-006 0.998057
-1.19886 -6.57459 -221.152 0.0937958 0.468088 0.746906 1.60277e-006 -0.66493
-1.19886 -7.46343 -221.152 0.0937958 0.468088 0.746905 3.20555e-006 -0.664931
-1.6489 -7.28948 -221.658 0.0907367 0.463661 0.746906 1.60277e-006 -0.66493
-0.023345 -7.46343 -224.604 0.0846901 0.492157 0.924711 2.95744e-006 0.38067
0.275949 -7.92525 -225.331 0.0878483 0.483809 0.924712 1.94622e-006 0.380668
0.275945 -6.11277 -225.331 0.0878483 0.483809 0.924711 2.95744e-006 0.38067
2.05415 -7.50696 -224.772 0.101456 0.486025 0.924709 0 0.380674
2.19659 -7.50696 -225.118 0.102959 0.482052 0.924709 0 0.380674
2.19659 -6.53105 -225.118 0.102959 0.482052 0.924709 0 0.380674
0.540292 -7.92525 -225.973 0.0906376 0.476436 0.924711 0 0.380669
0.839585 -7.46343 -226.7 0.0937958 0.468088 0.924711 0 0.380669
0.839585 -6.57459 -226.7 0.0937958 0.468088 0.924711 0 0.380669
-1.93608 -7.42698 -225.405 0.0702649 0.487646 -0.92471 0 -0.380671
-1.93608 -6.61103 -225.405 0.0702649 0.487646 -0.92471 0 -0.380671
-1.50958 -6.11277 -226.441 0.0747654 0.47575 -0.924709 0 -0.380674
-1.50958 -7.92525 -226.441 0.0747654 0.47575 -0.924708 0 -0.380676
-1.50958 -6.11277 -226.441 0.0747654 0.47575 -0.924709 0 -0.380674
-1.08308 -6.61103 -227.477 0.0792659 0.463854 -0.924707 0 -0.380679
-0.023345 -7.46343 -224.604 0.0846901 0.492157 -0.195596 -0.875022 0.442807
-0.698852 -7.28948 -224.562 0.0792519 0.494018 -0.192805 -0.862252 0.468347
-1.46622 -7.28948 -224.878 0.0734587 0.492268 -0.188474 -0.881252 0.433443
-1.50958 -7.92525 -226.441 0.0747654 0.47575 0.0593122 -0.970418 -0.234032
0.540292 -7.92525 -225.973 0.0906376 0.476436 0.0591113 -0.96415 -0.25869
0.275949 -7.92525 -225.331 0.0878483 0.483809 -0.146121 -0.949573 0.277417
0.540292 -7.92525 -225.973 0.0906376 0.476436 0.0591113 -0.96415 -0.25869
-1.50958 -7.92525 -226.441 0.0747654 0.47575 0.0593122 -0.970418 -0.234032
-1.08308 -7.42698 -227.477 0.0792659 0.463854 0.154687 -0.913714 -0.375764
0.389543 -7.28948 -227.206 0.0907367 0.463661 0.380677 0 -0.924708
-0.377822 -7.28948 -227.521 0.0849435 0.461911 0.380677 0 -0.924708
-0.377822 -6.74853 -227.521 0.0849435 0.461911 0.380677 0 -0.924708
0.839585 -6.57459 -226.7 0.0937958 0.468088 0.192795 0.862254 -0.468347
0.389543 -6.74853 -227.206 0.0907367 0.463661 0.1928 0.862253 -0.468347
-0.377822 -6.74853 -227.521 0.0849435 0.461911 0.16852 0.872707 -0.45824
-1.50958 -6.11277 -226.441 0.0747654 0.47575 -0.0444115 0.998846 -0.0182843
0.275945 -6.11277 -225.331 0.0878483 0.483809 -0.159294 0.935174 0.316347
0.540292 -6.11277 -225.973 0.0906376 0.476436 0.126841 0.922535 -0.364474
0.275945 -6.11277 -225.331 0.0878483 0.483809 -0.159294 0.935174 0.316347
-1.50958 -6.11277 -226.441 0.0747654 0.47575 -0.0444115 0.998846 -0.0182843
-1.93608 -6.61103 -225.405 0.0702649 0.487646 -0.215155 0.897688 0.384532
-0.698852 -6.74853 -224.562 0.0792519 0.494018 -0.380677 0 0.924708
-1.46622 -6.74853 -224.878 0.0734587 0.492268 -0.380677 0 0.924708
-1.46622 -7.28948 -224.878 0.0734587 0.492268 -0.380677 0 0.924708
0.275949 -7.92525 -225.331 0.0878483 0.483809 0.924709 -8.342e-007 0.380674
0.336896 -7.50696 -225.479 0.0884914 0.482109 0.924719 -3.6146e-006 0.380651
0.3369 -6.53105 -225.479 0.0884914 0.482109 0.924709 -8.342e-007 0.380674
0.275945 -6.11277 -225.331 0.0878483 0.483809 0.924708 5.79835e-006 0.380678
0.3369 -6.53105 -225.479 0.0884914 0.482109 0.924709 1.10767e-005 0.380674
0.479341 -6.53105 -225.825 0.0899945 0.478136 0.924708 5.79835e-006 0.380678
0.540292 -6.11277 -225.973 0.0906376 0.476436 0.924707 0 0.38068
0.479341 -6.53105 -225.825 0.0899945 0.478136 0.924707 0 0.38068
0.479341 -7.50696 -225.825 0.0899945 0.478136 0.924707 0 0.38068
0.540292 -7.92525 -225.973 0.0906376 0.476436 0.924707 3.02183e-006 0.38068
0.479341 -7.50696 -225.825 0.0899945 0.478136 0.924706 -9.65075e-007 0.380683
0.336896 -7.50696 -225.479 0.0884914 0.482109 0.924707 3.02183e-006 0.38068
0.336896 -7.50696 -225.479 0.0884914 0.482109 -0.380675 7.44004e-007 0.924709
2.05415 -7.50696 -224.772 0.101456 0.486025 -0.380675 0 0.924709
2.05415 -6.53105 -224.772 0.101456 0.486025 -0.380675 7.44004e-007 0.924709
0.3369 -6.53105 -225.479 0.0884914 0.482109 0 1 -0
2.05415 -6.53105 -224.772 0.101456 0.486025 0 1 -0
2.19659 -6.53105 -225.118 0.102959 0.482052 0 1 -0
0.479341 -6.53105 -225.825 0.0899945 0.478136 0.380675 0 -0.924709
2.19659 -6.53105 -225.118 0.102959 0.482052 0.380675 0 -0.924709
2.19659 -7.50696 -225.118 0.102959 0.482052 0.380675 0 -0.924709
0.479341 -7.50696 -225.825 0.0899945 0.478136 0 -1 -0
2.19659 -7.50696 -225.118 0.102959 0.482052 0 -1 -0
2.05415 -7.50696 -224.772 0.101456 0.486025 0 -1 -0
-1.93608 -6.61103 -225.405 0.0702649 0.487646 -0.746891 0 0.664947
-1.93608 -7.42698 -225.405 0.0702649 0.487646 -0.746891 0 0.664947
-1.46622 -7.28948 -224.878 0.0734587 0.492268 -0.746891 0 0.664947
-1.08308 -7.42698 -227.477 0.0792659 0.463854 -0.0622983 0 -0.998058
-1.08308 -6.61103 -227.477 0.0792659 0.463854 -0.0622983 0 -0.998058
-0.377822 -6.74853 -227.521 0.0849435 0.461911 -0.0622983 0 -0.998058
-0.023345 -7.46343 -224.604 0.0846901 0.492157 0.0622914 1.33671e-007 0.998058
-0.0233488 -6.57459 -224.604 0.0846901 0.492157 0.0622915 2.67341e-007 0.998058
-0.698852 -6.74853 -224.562 0.0792519 0.494018 0.0622914 1.33671e-007 0.998058
0.839585 -6.57459 -226.7 0.0937958 0.468088 0.746894 0 -0.664943
0.839585 -7.46343 -226.7 0.0937958 0.468088 0.746894 0 -0.664943
0.389543 -7.28948 -227.206 0.0907367 0.463661 0.746894 0 -0.664943
