Vertex Count: 1401

Data:

0.462 1.8579 -0.2602 0.2058 0.1972 0.9183 0.1124 -0.3795
0.6971 1.8428 0.3059 0.212 0.2283 0.9183 0.1124 -0.3795
0.7447 0.5698 0.0425 0.1449 0.2315 0.9183 0.1124 -0.3795
0.6104 0.3528 -0.3449 0.1292 0.2134 0.9176 0.112 -0.3813
0.4676 0.5433 -0.6326 0.1352 0.195 0.9176 0.112 -0.3813
0.462 1.8579 -0.2602 0.2058 0.1972 0.9176 0.112 -0.3813
-0.1124 1.8724 -0.4855 0.0825 0.3749 0.3545 0.2543 -0.8998
0.462 1.8579 -0.2602 0.0849 0.4066 0.3545 0.2543 -0.8998
0.4676 0.5433 -0.6326 0.0143 0.4068 0.3545 0.2543 -0.8998
0.1183 0.3112 -0.8327 0 0.3876 0.5536 0.2579 -0.7918
-0.2492 0.8507 -0.9139 0.0257 0.3655 0.5536 0.2579 -0.7918
-0.1124 1.8724 -0.4855 0.0825 0.3749 0.5536 0.2579 -0.7918
-0.5853 0.25 -0.8327 0.2783 0.604 -0.3917 0.2934 -0.8721
-1.1263 1.0311 -0.3131 0.2356 0.6401 -0.3917 0.2934 -0.8721
-0.6896 1.8778 -0.2381 0.1902 0.6207 -0.3917 0.2934 -0.8721
-0.5853 0.25 -0.8327 0.2783 0.604 -0.7461 0.34 -0.5725
-0.1124 1.8724 -0.4855 0.1905 0.5884 -0.7461 0.34 -0.5725
-0.2492 0.8507 -0.9139 0.2479 0.5857 -0.7461 0.34 -0.5725
-0.9315 1.871 0.3371 0.0003 0.2024 -0.8229 0.4546 -0.3408
-0.6896 1.8778 -0.2381 0 0.1701 -0.8229 0.4546 -0.3408
-1.1263 1.0311 -0.3131 0.0491 0.1754 -0.8229 0.4546 -0.3408
-1.0957 0.2028 0.3449 0.0214 0.5679 -0.9236 0.0979 0.3707
-0.9348 0.278 0.7496 0.0278 0.546 -0.9236 0.0979 0.3707
-0.6965 1.856 0.9031 0.1106 0.5436 -0.9236 0.0979 0.3707
-1.0957 0.2028 0.3449 0.0214 0.5679 -0.981 0.0973 0.1681
-0.9315 1.871 0.3371 0.1078 0.5751 -0.981 0.0973 0.1681
-1.1263 1.0311 -0.3131 0.0611 0.6053 -0.981 0.0973 0.1681
-0.2673 0.8416 0.9959 0.1818 0.1889 -0.3332 -0.0549 0.9413
-0.1221 1.8415 1.1284 0.1292 0.1883 -0.3332 -0.0549 0.9413
-0.6965 1.856 0.9031 0.1345 0.1569 -0.3332 -0.0549 0.9413
0.4551 1.836 0.8811 0.1685 0.8233 0.2255 -0.0515 0.9729
-0.1221 1.8415 1.1284 0.1702 0.7909 0.2255 -0.0515 0.9729
-0.2673 0.8416 0.9959 0.2226 0.7897 0.2255 -0.0515 0.9729
0.1275 0.308 0.9894 0.2483 0.8103 0.8032 -0.131 0.5811
0.4222 0.9037 0.7164 0.217 0.8279 0.8032 -0.131 0.5811
0.4551 1.836 0.8811 0.1685 0.8233 0.8032 -0.131 0.5811
0.6971 1.8428 0.3059 0.0049 0.3202 0.8953 -0.0698 0.4399
0.4551 1.836 0.8811 0 0.2883 0.8953 -0.0698 0.4399
0.4222 0.9037 0.7164 0.0489 0.2874 0.8953 -0.0698 0.4399
0.6028 0.3505 0.3449 0.0805 0.3038 0.9172 -0.0476 0.3957
0.7447 0.5698 0.0425 0.0721 0.3227 0.9172 -0.0476 0.3957
0.6971 1.8428 0.3059 0.0049 0.3202 0.9172 -0.0476 0.3957
0.3282 3.0292 0.8139 0.9888 0.9178 0.8692 -0.4008 -0.2897
0.1419 3.0822 0.3716 0.9875 0.9426 0.8692 -0.4008 -0.2897
0.8054 4.5181 0.1857 0.9052 0.9424 0.8692 -0.4008 -0.2897
0.351 4.6916 0.0377 0.2104 0.1237 0.2563 -0.2282 -0.9393
0.8054 4.5181 0.1857 0.2115 0.1499 0.2563 -0.2282 -0.9393
0.1419 3.0822 0.3716 0.1292 0.1507 0.2563 -0.2282 -0.9393
0.0287 4.9437 0.1884 0.0206 0.4353 -0.4393 0.0717 -0.8955
0.351 4.6916 0.0377 0.0251 0.4132 -0.4393 0.0717 -0.8955
-0.2205 3.3702 0.1846 0.0999 0.4129 -0.4393 0.0717 -0.8955
-0.6591 3.8854 0.4687 0.9049 0.6397 -0.8802 0.4337 -0.1926
-0.8486 3.4542 0.8435 0.8769 0.6269 -0.8802 0.4337 -0.1926
-0.1241 5.0213 0.5815 0.9667 0.619 -0.8802 0.4337 -0.1926
0.0713 5.0851 0.9639 0.6938 0.9515 -0.8198 0.435 0.3724
-0.1241 5.0213 0.5815 0.6903 0.9737 -0.8198 0.435 0.3724
-0.8486 3.4542 0.8435 0.6001 0.9766 -0.8198 0.435 0.3724
-0.7527 3.2055 1.3185 0.259 0.8338 -0.2975 0.2963 0.9076
-0.3044 3.1163 1.4835 0.2545 0.8091 -0.2975 0.2963 0.9076
0.5005 5.0975 1.1116 0.3618 0.7762 -0.2975 0.2963 0.9076
-0.3044 3.1163 1.4835 0.1046 0.7711 0.407 0.0016 0.9134
0.1433 3.0433 1.2744 0.1069 0.7968 0.407 0.0016 0.9134
0.912 5.0514 0.9381 0.001 0.8338 0.407 0.0016 0.9134
0.9897 4.7757 0.5724 0.0252 0.8862 0.883 -0.2781 0.3781
0.912 5.0514 0.9381 0.0161 0.864 0.883 -0.2781 0.3781
0.1433 3.0433 1.2744 0.1286 0.8625 0.883 -0.2781 0.3781
0.7535 5.5664 0.1279 0.6973 0.5892 0.8952 0.3064 -0.3238
0.1374 7.0283 -0.1618 0.7806 0.5923 0.8952 0.3064 -0.3238
0.3162 6.8777 0.1598 0.7665 0.6072 0.8952 0.3064 -0.3238
-0.1977 6.8512 -0.2903 0.3993 0.671 0.3711 -0.0274 -0.9282
0.1374 7.0283 -0.1618 0.3979 0.6504 0.3711 -0.0274 -0.9282
0.7535 5.5664 0.1279 0.4811 0.6467 0.3711 -0.0274 -0.9282
-0.4937 6.7102 -0.1317 0.7721 0.6384 -0.3488 -0.2668 -0.8984
-0.1977 6.8512 -0.2903 0.7684 0.6199 -0.3488 -0.2668 -0.8984
0.3616 5.2112 -0.0185 0.859 0.6175 -0.3488 -0.2668 -0.8984
-0.1241 5.0213 0.5815 0.2796 0.4862 -0.9006 -0.3209 -0.2932
-0.614 6.7382 0.1982 0.3739 0.4889 -0.9006 -0.3209 -0.2932
-0.4937 6.7102 -0.1317 0.3739 0.5071 -0.9006 -0.3209 -0.2932
-0.4489 6.7621 0.5228 0.6793 0.5786 -0.8736 -0.1474 0.4638
-0.614 6.7382 0.1982 0.6741 0.5605 -0.8736 -0.1474 0.4638
-0.1241 5.0213 0.5815 0.7685 0.5576 -0.8736 -0.1474 0.4638
-0.0023 6.3132 0.7062 0.4251 0.8079 -0.2219 0.1714 0.9599
-0.2924 6.7647 0.5799 0.4477 0.8243 -0.2219 0.1714 0.9599
-0.4489 6.7621 0.5228 0.4476 0.8329 -0.2219 0.1714 0.9599
0.5005 5.0975 1.1116 0.3618 0.7762 -0.3249 0.1755 0.9293
-0.0023 6.3132 0.7062 0.4251 0.8079 -0.3249 0.1755 0.9293
0.0713 5.0851 0.9639 0.3611 0.7997 -0.3249 0.1755 0.9293
0.3408 6.2966 0.5598 0.2026 0.0965 0.3827 0.4278 0.8189
-0.0023 6.3132 0.7062 0.2083 0.1149 0.3827 0.4278 0.8189
0.5005 5.0975 1.1116 0.1372 0.1175 0.3827 0.4278 0.8189
0.2822 6.8215 0.3163 0.9775 0.824 0.7475 0.4406 0.4971
0.3408 6.2966 0.5598 0.949 0.8329 0.7475 0.4406 0.4971
0.912 5.0514 0.9381 0.8756 0.8338 0.7475 0.4406 0.4971
0.9764 5.281 0.5043 0.8903 0.813 0.8434 0.4208 0.3341
0.3162 6.8777 0.1598 0.9813 0.8162 0.8434 0.4208 0.3341
0.2822 6.8215 0.3163 0.9775 0.824 0.8434 0.4208 0.3341
-0.7571 8.4912 -0.562 0.7835 0.4419 0.3539 0.2923 -0.8884
0.0821 10.7776 0.5244 0.6457 0.4394 0.3539 0.2923 -0.8884
-0.4788 8.4903 -0.4515 0.7769 0.4278 0.3539 0.2923 -0.8884
-0.1276 10.8599 0.583 0.6304 0.7246 -0.0725 0.4496 -0.8903
0.0821 10.7776 0.5244 0.6328 0.7128 -0.0725 0.4496 -0.8903
-0.7571 8.4912 -0.562 0.7702 0.7236 -0.0725 0.4496 -0.8903
-1.1039 8.4551 -0.1851 0.3825 0.2716 -0.8665 0.4318 -0.2505
-0.1276 10.8599 0.583 0.5219 0.2835 -0.8665 0.4318 -0.2505
-1.016 8.4766 -0.4517 0.38 0.2859 -0.8665 0.4318 -0.2505
-0.9691 8.4392 0.0816 0.7886 0.9091 -0.9194 0.2581 0.297
-0.1564 10.7834 0.7245 0.6563 0.9029 -0.9194 0.2581 0.297
-0.1276 10.8599 0.583 0.6544 0.8951 -0.9194 0.2581 0.297
-0.6908 8.4383 0.1922 0.5457 0.392 -0.3645 -0.1671 0.9161
-0.0526 10.8915 0.8935 0.6812 0.4023 -0.3645 -0.1671 0.9161
-0.9691 8.4392 0.0816 0.5396 0.4063 -0.3645 -0.1671 0.9161
-0.6908 8.4383 0.1922 0.5535 0.6622 0.375 -0.3447 0.8606
-0.4318 8.4528 0.0819 0.5562 0.6479 0.375 -0.3447 0.8606
0.191 10.8709 0.7825 0.6902 0.6504 0.375 -0.3447 0.8606
-0.344 8.4744 -0.1847 0.5315 0.3515 0.9091 -0.3136 0.2741
0.191 10.8709 0.7825 0.6679 0.3524 0.9091 -0.3136 0.2741
-0.4318 8.4528 0.0819 0.5346 0.3658 0.9091 -0.3136 0.2741
-0.1276 10.8599 0.583 0.3478 0.8492 -0.3916 -0.4343 -0.8112
-0.652 13.8192 -0.7484 0.5176 0.8424 -0.3916 -0.4343 -0.8112
-0.4966 13.8178 -0.8227 0.5182 0.8513 -0.3916 -0.4343 -0.8112
-0.0526 10.8915 0.8935 0.9377 0.8585 0.3936 0.466 0.7924
0.191 10.8709 0.7825 0.9397 0.8722 0.3936 0.466 0.7924
-0.4179 13.8303 -0.6532 0.7676 0.8881 0.3936 0.466 0.7924
-0.4966 13.8178 -0.8227 0.724 0.2566 0.9035 0.0599 -0.4244
-0.2534 15.9781 -0 0.8441 0.2586 0.9035 0.0599 -0.4244
-0.4179 13.8303 -0.6532 0.728 0.2654 0.9035 0.0599 -0.4244
-0.652 13.8192 -0.7484 0.4568 0.2099 -0.3988 0.3652 -0.8412
-0.2534 15.9781 -0 0.5766 0.2111 -0.3988 0.3652 -0.8412
-0.4966 13.8178 -0.8227 0.4567 0.2188 -0.3988 0.3652 -0.8412
-0.5733 13.8317 -0.579 0.6864 0.3013 -0.9072 0.0219 0.4201
-0.2534 15.9781 -0 0.5705 0.2949 -0.9072 0.0219 0.4201
-0.652 13.8192 -0.7484 0.6904 0.2925 -0.9072 0.0219 0.4201
-0.4179 13.8303 -0.6532 0.0001 0.1181 0.4101 -0.294 0.8634
-0.2534 15.9781 -0 0.1161 0.1268 0.4101 -0.294 0.8634
-0.5733 13.8317 -0.579 0 0.127 0.4101 -0.294 0.8634
0.1419 3.0822 0.3716 0.8848 0.5431 0.8548 0.4004 -0.3301
0.3282 3.0292 0.8139 0.881 0.5185 0.8548 0.4004 -0.3301
0.6971 1.8428 0.3059 0.9503 0.5177 0.8548 0.4004 -0.3301
-0.1124 1.8724 -0.4855 0.4524 0.3339 0.3513 0.4909 -0.7972
-0.2759 2.9668 0.0976 0.517 0.3356 0.3513 0.4909 -0.7972
0.1419 3.0822 0.3716 0.5254 0.3607 0.3513 0.4909 -0.7972
-0.6896 1.8778 -0.2381 0.1902 0.6207 -0.4439 0.4137 -0.7948
-0.7202 2.7618 0.3169 0.1388 0.6343 -0.4439 0.4137 -0.7948
-0.2759 2.9668 0.0976 0.1292 0.6084 -0.4439 0.4137 -0.7948
-0.9315 1.871 0.3371 0.6236 0.4419 -0.8778 0.1984 -0.4359
-0.9379 3.0484 0.7945 0.5594 0.4301 -0.8778 0.1984 -0.4359
-0.7202 2.7618 0.3169 0.5856 0.4137 -0.8778 0.1984 -0.4359
-0.7527 3.2055 1.3185 0.4163 0.2976 -0.9155 -0.1514 0.3727
-0.9379 3.0484 0.7945 0.3994 0.3222 -0.9155 -0.1514 0.3727
-0.9315 1.871 0.3371 0.3341 0.3234 -0.9155 -0.1514 0.3727
-0.1221 1.8415 1.1284 0.8155 0.4764 -0.3667 -0.2926 0.8831
-0.3044 3.1163 1.4835 0.8842 0.4833 -0.3667 -0.2926 0.8831
-0.7527 3.2055 1.3185 0.887 0.5082 -0.3667 -0.2926 0.8831
0.1433 3.0433 1.2744 0.1069 0.7968 0.3865 -0.1949 0.9015
-0.3044 3.1163 1.4835 0.1046 0.7711 0.3865 -0.1949 0.9015
-0.1221 1.8415 1.1284 0.1702 0.7909 0.3865 -0.1949 0.9015
0.3282 3.0292 0.8139 0.4641 0.4062 0.9183 0.119 0.3775
0.1433 3.0433 1.2744 0.4518 0.3837 0.9183 0.119 0.3775
0.4551 1.836 0.8811 0.5191 0.3774 0.9183 0.119 0.3775
0.1183 0.3112 -0.8327 0.4734 0.0363 0.6491 -0.445 -0.617
0.4676 0.5433 -0.6326 0.4527 0.0485 0.6491 -0.445 -0.617
0.6104 0.3528 -0.3449 0.4375 0.0366 0.6491 -0.445 -0.617
0.1553 -0.1121 -0.8327 0.3238 0.168 0.7 0.0612 -0.7115
0.1183 0.3112 -0.8327 0.3238 0.146 0.7 0.0612 -0.7115
0.6104 0.3528 -0.3449 0.3597 0.1461 0.7 0.0612 -0.7115
-0.9329 -0.2099 0.7381 0.0028 0.5439 -0.9386 -0.0444 0.3421
-0.9348 0.278 0.7496 0.0278 0.546 -0.9386 -0.0444 0.3421
-1.0957 0.2028 0.3449 0.0214 0.5679 -0.9386 -0.0444 0.3421
-1.0511 -0.2182 -0.3449 0.034 0.6391 0.0867 -0.9962 -0.0021
-0.5482 -0.1733 -0.8327 0.0591 0.6129 0.0867 -0.9962 -0.0021
0.1553 -0.1121 -0.8327 0.0955 0.6115 0.0867 -0.9962 -0.0021
-0.9329 -0.2099 0.7381 0.0423 0.6948 0.0868 -0.9962 -0.0019
-1.0587 -0.2205 0.3449 0.035 0.6748 0.0868 -0.9962 -0.0019
-1.0511 -0.2182 -0.3449 0.034 0.6391 0.0868 -0.9962 -0.0019
0.6399 -0.0728 0.3449 0.123 0.6713 0.0862 -0.9963 -0.0022
0.1645 -0.1153 0.9894 0.0997 0.7056 0.0862 -0.9963 -0.0022
-0.2869 -0.1544 0.982 0.0763 0.7061 0.0862 -0.9963 -0.0022
0.6399 -0.0728 0.3449 0.123 0.6713 0.0866 -0.9962 -0.0024
0.1553 -0.1121 -0.8327 0.0955 0.6115 0.0866 -0.9962 -0.0024
0.6475 -0.0705 -0.3449 0.122 0.6357 0.0866 -0.9962 -0.0024
1.0441 0.2338 0.0445 0.4047 0.0726 0.532 0.6663 0.5226
0.7447 0.5698 0.0425 0.3826 0.0791 0.532 0.6663 0.5226
0.6028 0.3505 0.3449 0.38 0.0588 0.532 0.6663 0.5226
0.9463 0.06 -0.2465 0.4591 0.0567 0.6347 0.5555 -0.5372
0.6104 0.3528 -0.3449 0.4615 0.0802 0.6347 0.5555 -0.5372
0.7447 0.5698 0.0425 0.4375 0.0804 0.6347 0.5555 -0.5372
0.9761 -0.2809 -0.2465 0.1165 0.0514 0.3021 0.0264 -0.9529
0.6475 -0.0705 -0.3449 0.096 0.055 0.3021 0.0264 -0.9529
0.6104 0.3528 -0.3449 0.0802 0.0398 0.3021 0.0264 -0.9529
1.1652 -0.2657 0.2755 0.3149 0.1658 -0.4279 -0.9008 0.0736
0.6399 -0.0728 0.3449 0.3149 0.1948 -0.4279 -0.9008 0.0736
0.6475 -0.0705 -0.3449 0.2797 0.1904 -0.4279 -0.9008 0.0736
1.1353 0.0752 0.2755 0.031 0.0541 0.1352 0.0118 0.9907
0.6028 0.3505 0.3449 0 0.055 0.1352 0.0118 0.9907
0.6399 -0.0728 0.3449 0.0112 0.0361 0.1352 0.0118 0.9907
1.6793 -0.141 -0.342 0.2697 0.0487 0.6589 0.6676 0.3467
1.0441 0.2338 0.0445 0.3124 0.0437 0.6589 0.6676 0.3467
1.1353 0.0752 0.2755 0.3125 0.0589 0.6589 0.6676 0.3467
1.7231 -0.2188 -0.4916 0.227 0.0761 0.1666 0.8473 -0.5043
0.9463 0.06 -0.2465 0.2701 0.065 0.1666 0.8473 -0.5043
1.0441 0.2338 0.0445 0.2772 0.0818 0.1666 0.8473 -0.5043
1.7378 -0.3871 -0.4916 0.4274 0.1166 -0.3096 -0.0271 -0.9505
0.9761 -0.2809 -0.2465 0.386 0.1221 -0.3096 -0.0271 -0.9505
0.9463 0.06 -0.2465 0.38 0.1054 -0.3096 -0.0271 -0.9505
1.667 -0.3939 -0.2268 0.0139 0.6672 -0.1623 -0.9861 0.0349
1.1652 -0.2657 0.2755 0.0306 0.7005 -0.1623 -0.9861 0.0349
0.9761 -0.2809 -0.2465 0.002 0.7014 -0.1623 -0.9861 0.0349
1.6523 -0.2257 -0.2268 0.3642 0.1399 0.714 0.0625 0.6974
1.1353 0.0752 0.2755 0.3238 0.1398 0.714 0.0625 0.6974
1.1652 -0.2657 0.2755 0.3317 0.1239 0.714 0.0625 0.6974
2.2385 -0.4903 -0.0476 0.7877 0.00199997 0.1645 0.7763 0.6085
1.6793 -0.141 -0.342 0.8251 0.00190002 0.1645 0.7763 0.6085
1.6523 -0.2257 -0.2268 0.8216 0.0086 0.1645 0.7763 0.6085
2.2385 -0.4903 -0.0476 0.9999 0.2588 0.5985 0.769 -0.2246
1.7231 -0.2188 -0.4916 0.9626 0.2654 0.5985 0.769 -0.2246
1.6793 -0.141 -0.342 0.9627 0.2564 0.5985 0.769 -0.2246
2.2385 -0.4903 -0.0476 0.7437 0.0342 0.6691 0.0585 -0.7409
1.7378 -0.3871 -0.4916 0.778 0.0271 0.6691 0.0585 -0.7409
1.7231 -0.2188 -0.4916 0.7816 0.0351 0.6691 0.0585 -0.7409
2.2385 -0.4903 -0.0476 0.0317 0.6415 -0.1462 -0.9871 -0.0646
1.667 -0.3939 -0.2268 0.0139 0.6672 -0.1462 -0.9871 -0.0646
1.7378 -0.3871 -0.4916 0.0019 0.6597 -0.1462 -0.9871 -0.0646
2.2385 -0.4903 -0.0476 0.7437 0.0142 -0.3031 -0.0265 0.9526
1.6523 -0.2257 -0.2268 0.7782 0.0131 -0.3031 -0.0265 0.9526
1.667 -0.3939 -0.2268 0.7744 0.021 -0.3031 -0.0265 0.9526
1.0248 0.1668 1.172 0.0506 0.5171 -0.1032 0.4746 0.8741
0.4222 0.9037 0.7164 0 0.5375 -0.1032 0.4746 0.8741
0.1275 0.308 0.9894 0.0056 0.5008 -0.1032 0.4746 0.8741
1.1081 0.0583 0.9649 0.1171 0.2627 0.7844 0.555 -0.277
0.6028 0.3505 0.3449 0.0773 0.2812 0.7844 0.555 -0.277
0.4222 0.9037 0.7164 0.0609 0.2497 0.7844 0.555 -0.277
0.8483 -0.2027 1.2368 0.1661 0.2706 -0.0673 -0.9894 -0.1284
0.1645 -0.1153 0.9894 0.1292 0.2791 -0.0673 -0.9894 -0.1284
0.6399 -0.0728 0.3449 0.1314 0.2377 -0.0673 -0.9894 -0.1284
0.8277 0.0333 1.2368 0.0028 0.0817 -0.3435 -0.0301 0.9387
0.1275 0.308 0.9894 0.0428 0.0733 -0.3435 -0.0301 0.9387
0.1645 -0.1153 0.9894 0.0378 0.0947 -0.3435 -0.0301 0.9387
1.1287 -0.1777 0.9649 0.4254 0.1495 0.789 0.069 -0.6105
0.6399 -0.0728 0.3449 0.3842 0.1498 0.789 0.069 -0.6105
0.6028 0.3505 0.3449 0.38 0.1282 0.789 0.069 -0.6105
1.4829 -0.4454 1.709 0.0935 0.4961 -0.1396 0.5919 0.7938
1.0248 0.1668 1.172 0.0506 0.5171 -0.1396 0.5919 0.7938
0.8277 0.0333 1.2368 0.0463 0.5051 -0.1396 0.5919 0.7938
1.4829 -0.4454 1.709 0.9429 0.8413 0.7983 0.6022 0.0055
1.1081 0.0583 0.9649 0.9932 0.8399 0.7983 0.6022 0.0055
1.0248 0.1668 1.172 0.9899 0.8523 0.7983 0.6022 0.0055
1.4829 -0.4454 1.709 0.2081 0.2737 -0.1688 -0.9503 -0.2615
0.8483 -0.2027 1.2368 0.1661 0.2706 -0.1688 -0.9503 -0.2615
1.1287 -0.1777 0.9649 0.1704 0.2508 -0.1688 -0.9503 -0.2615
1.4829 -0.4454 1.709 0.53 0.0955 -0.6091 -0.0533 0.7913
0.8277 0.0333 1.2368 0.4815 0.0971 -0.6091 -0.0533 0.7913
0.8483 -0.2027 1.2368 0.4882 0.0868 -0.6091 -0.0533 0.7913
1.4829 -0.4454 1.709 0.2774 0.0018 0.9109 0.0797 -0.4049
1.1287 -0.1777 0.9649 0.2337 0.0118 0.9109 0.0797 -0.4049
1.1081 0.0583 0.9649 0.227 0.00150001 0.9109 0.0797 -0.4049
-0.1638 0.2971 1.5353 0.2729 0.1548 -0.6192 0.5123 0.5951
-0.2673 0.8416 0.9959 0.2735 0.1948 -0.6192 0.5123 0.5951
-0.9348 0.278 0.7496 0.227 0.1885 -0.6192 0.5123 0.5951
0.0148 0.2039 1.5678 0.9639 0.5484 0.6766 0.6345 0.3737
0.1275 0.308 0.9894 0.965 0.5177 0.6766 0.6345 0.3737
-0.2673 0.8416 0.9959 0.9991 0.5178 0.6766 0.6345 0.3737
-0.4733 -0.0258 1.2824 0.9715 0.4691 -0.1018 -0.9358 0.3374
-0.9329 -0.2099 0.7381 0.9336 0.4671 -0.1018 -0.9358 0.3374
-0.2869 -0.1544 0.982 0.9653 0.4507 -0.1018 -0.9358 0.3374
-0.1878 -0.0215 1.4855 0.0027 0.0131 0.0514 -0.974 0.2206
-0.2869 -0.1544 0.982 0.0293 0.00650001 0.0514 -0.974 0.2206
0.1645 -0.1153 0.9894 0.0297 0.03 0.0514 -0.974 0.2206
0.0324 -0.0093 1.5481 0.4671 0.1025 0.9747 0.0772 0.2098
0.1645 -0.1153 0.9894 0.4375 0.1085 0.9747 0.0772 0.2098
0.1275 0.308 0.9894 0.4375 0.0865 0.9747 0.0772 0.2098
-0.4751 0.2187 1.3159 0.3617 0.1993 -0.7672 -0.0431 0.6399
-0.9348 0.278 0.7496 0.3238 0.1994 -0.7672 -0.0431 0.6399
-0.9329 -0.2099 0.7381 0.3254 0.1742 -0.7672 -0.0431 0.6399
-0.5527 -0.0207 1.8476 0.5195 0.5983 -0.4802 0.824 0.3009
-0.1638 0.2971 1.5353 0.4903 0.6075 -0.4802 0.824 0.3009
-0.4751 0.2187 1.3159 0.4911 0.5875 -0.4802 0.824 0.3009
-0.4847 -0.0803 1.8672 0.471 0.0123 0.1768 0.5608 0.8088
0.0148 0.2039 1.5678 0.4375 0.0135 0.1768 0.5608 0.8088
-0.1638 0.2971 1.5353 0.4414 0.00370002 0.1768 0.5608 0.8088
-0.6607 -0.2086 1.695 0.1202 0.3815 0.2403 -0.9277 -0.2857
-0.4733 -0.0258 1.2824 0.1206 0.4068 0.2403 -0.9277 -0.2857
-0.1878 -0.0215 1.4855 0.1027 0.4039 0.2403 -0.9277 -0.2857
-0.5551 -0.2118 1.8175 0.1125 0.3783 0.1609 -0.925 -0.3443
-0.1878 -0.0215 1.4855 0.1027 0.4039 0.1609 -0.925 -0.3443
0.0324 -0.0093 1.5481 0.0911 0.406 0.1609 -0.925 -0.3443
-0.4738 -0.209 1.8553 0.4731 0.0264 0.5283 -0.0344 0.8484
0.0324 -0.0093 1.5481 0.4411 0.0302 0.5283 -0.0344 0.8484
0.0148 0.2039 1.5678 0.4375 0.0196 0.5283 -0.0344 0.8484
-0.6663 -0.0615 1.7152 0.2864 0.0704 -0.9138 0.0382 -0.4044
-0.4751 0.2187 1.3159 0.3135 0.0702 -0.9138 0.0382 -0.4044
-0.4733 -0.0258 1.2824 0.3082 0.0818 -0.9138 0.0382 -0.4044
-0.7307 -0.1464 2.2668 0.8493 0.0102 -0.4265 0.9001 0.0889
-0.5527 -0.0207 1.8476 0.8728 0.00340003 -0.4265 0.9001 0.0889
-0.6663 -0.0615 1.7152 0.8784 0.0108 -0.4265 0.9001 0.0889
-0.7307 -0.1464 2.2668 0.1492 0.8449 0.5173 0.7341 0.4398
-0.4847 -0.0803 1.8672 0.1735 0.8419 0.5173 0.7341 0.4398
-0.5527 -0.0207 1.8476 0.1736 0.8467 0.5173 0.7341 0.4398
-0.7307 -0.1464 2.2668 0.3148 0.0306 -0.1354 -0.9866 0.0907
-0.6607 -0.2086 1.695 0.2849 0.0312 -0.1354 -0.9866 0.0907
-0.5551 -0.2118 1.8175 0.2903 0.0248 -0.1354 -0.9866 0.0907
-0.7307 -0.1464 2.2668 0.3148 0.0306 -0.0272 -0.9907 0.1336
-0.5551 -0.2118 1.8175 0.2903 0.0248 -0.0272 -0.9907 0.1336
-0.4738 -0.209 1.8553 0.2917 0.0204 -0.0272 -0.9907 0.1336
-0.7307 -0.1464 2.2668 0.0138 0.887 0.8497 0.0231 0.5268
-0.4738 -0.209 1.8553 0.0073 0.8626 0.8497 0.0231 0.5268
-0.4847 -0.0803 1.8672 0.014 0.8625 0.8497 0.0231 0.5268
-0.7307 -0.1464 2.2668 0.9672 0.1619 -0.9926 -0.0217 -0.1191
-0.6663 -0.0615 1.7152 0.995 0.1545 -0.9926 -0.0217 -0.1191
-0.6607 -0.2086 1.695 0.9969 0.162 -0.9926 -0.0217 -0.1191
-1.7263 0.3394 -0.5431 0.2671 0.2025 -0.1535 0.5956 -0.7885
-1.1263 1.0311 -0.3131 0.2826 0.2482 -0.1535 0.5956 -0.7885
-0.5853 0.25 -0.8327 0.227 0.2485 -0.1535 0.5956 -0.7885
-1.587 0.136 -0.0157 0.3443 0.2829 -0.6569 0.5196 0.5464
-1.0957 0.2028 0.3449 0.3238 0.2591 -0.6569 0.5196 0.5464
-1.1263 1.0311 -0.3131 0.3738 0.2373 -0.6569 0.5196 0.5464
-1.5624 -0.1456 -0.0157 0.1889 0.0454 -0.5864 -0.0513 0.8084
-1.0587 -0.2205 0.3449 0.2205 0.0392 -0.5864 -0.0513 0.8084
-1.0957 0.2028 0.3449 0.2205 0.0612 -0.5864 -0.0513 0.8084
-1.709 -0.1573 -0.541 0.9512 0.7649 -0.1265 -0.9917 0.0221
-1.0511 -0.2182 -0.3449 0.9614 0.7308 -0.1265 -0.9917 0.0221
-1.0587 -0.2205 0.3449 0.997 0.7312 -0.1265 -0.9917 0.0221
-1.5509 -0.1429 -0.8998 0.0075 0.6115 -0.0388 -0.9942 -0.1
-0.5482 -0.1733 -0.8327 0.0591 0.6129 -0.0388 -0.9942 -0.1
-1.0511 -0.2182 -0.3449 0.034 0.6391 -0.0388 -0.9942 -0.1
-1.5756 0.1387 -0.8998 0.1807 0.0599 0.067 0.0059 -0.9977
-0.5853 0.25 -0.8327 0.1292 0.0612 0.067 0.0059 -0.9977
-0.5482 -0.1733 -0.8327 0.1292 0.0392 0.067 0.0059 -0.9977
-2.5539 -0.0679 -0.3119 0.908 0.5957 -0.475 0.6881 -0.5486
-1.7263 0.3394 -0.5431 0.9567 0.589 -0.475 0.6881 -0.5486
-1.5756 0.1387 -0.8998 0.9664 0.6093 -0.475 0.6881 -0.5486
-2.4324 -0.1937 -0.177 0.994 0.87 -0.3259 0.7892 0.5205
-1.587 0.136 -0.0157 0.9501 0.8881 -0.3259 0.7892 0.5205
-1.7263 0.3394 -0.5431 0.9459 0.8585 -0.3259 0.7892 0.5205
-2.4169 -0.3719 -0.177 0.38 0.0898 -0.1814 -0.0159 0.9833
-1.5624 -0.1456 -0.0157 0.4262 0.0852 -0.1814 -0.0159 0.9833
-1.587 0.136 -0.0157 0.4301 0.0993 -0.1814 -0.0159 0.9833
-2.5425 -0.3822 -0.3077 0 0.2682 0.2545 -0.9643 -0.0733
-1.709 -0.1573 -0.541 0.0441 0.2544 0.2545 -0.9643 -0.0733
-1.5624 -0.1456 -0.0157 0.0527 0.2812 0.2545 -0.9643 -0.0733
-2.4833 -0.3766 -0.5487 0.0025 0.2557 0.2712 -0.9602 0.0662
-1.5509 -0.1429 -0.8998 0.0515 0.2357 0.2712 -0.9602 0.0662
-1.709 -0.1573 -0.541 0.0441 0.2544 0.2712 -0.9602 0.0662
-2.4989 -0.1984 -0.5487 0.946 0.9005 -0.3456 -0.0302 -0.9379
-1.5756 0.1387 -0.8998 0.9997 0.8954 -0.3456 -0.0302 -0.9379
-1.5509 -0.1429 -0.8998 0.9975 0.9098 -0.3456 -0.0302 -0.9379
-3.1762 -0.3253 -0.0172 0.8701 0.5944 -0.5226 0.6895 -0.5014
-2.5539 -0.0679 -0.3119 0.908 0.5957 -0.5226 0.6895 -0.5014
-2.4989 -0.1984 -0.5487 0.9124 0.6093 -0.5226 0.6895 -0.5014
-3.1762 -0.3253 -0.0172 0.4182 0.0125 0.0144 0.7378 0.6749
-2.4324 -0.1937 -0.177 0.38 0.0239 0.0144 0.7378 0.6749
-2.5539 -0.0679 -0.3119 0.3802 0.0125 0.0144 0.7378 0.6749
-3.1762 -0.3253 -0.0172 0.6494 0.0253 0.2069 0.0181 0.9782
-2.4169 -0.3719 -0.177 0.6096 0.0311 0.2069 0.0181 0.9782
-2.4324 -0.1937 -0.177 0.6096 0.0219 0.2069 0.0181 0.9782
-3.1762 -0.3253 -0.0172 0.7176 0.8473 -0.0369 -0.9928 0.1137
-2.5425 -0.3822 -0.3077 0.7525 0.8401 -0.0369 -0.9928 0.1137
-2.4169 -0.3719 -0.177 0.7573 0.8481 -0.0369 -0.9928 0.1137
-3.1762 -0.3253 -0.0172 0.4815 0.0457 -0.1122 -0.9924 -0.0505
-2.4833 -0.3766 -0.5487 0.5267 0.0455 -0.1122 -0.9924 -0.0505
-2.5425 -0.3822 -0.3077 0.5168 0.0536 -0.1122 -0.9924 -0.0505
-3.1762 -0.3253 -0.0172 0.9952 0.32 -0.6103 -0.0534 -0.7904
-2.4989 -0.1984 -0.5487 0.9504 0.3234 -0.6103 -0.0534 -0.7904
-2.4833 -0.3766 -0.5487 0.9504 0.3142 -0.6103 -0.0534 -0.7904
-0.039 0.3911 -1.3428 0.3463 0.2312 0.8746 0.4415 -0.2005
-0.2492 0.8507 -0.9139 0.3238 0.2055 0.8746 0.4415 -0.2005
0.1183 0.3112 -0.8327 0.3577 0.2057 0.8746 0.4415 -0.2005
-0.3558 0.0797 -1.2481 0.0875 0.3172 -0.6836 0.3677 -0.6304
-0.5853 0.25 -0.8327 0.0867 0.2913 -0.6836 0.3677 -0.6304
-0.2492 0.8507 -0.9139 0.1224 0.2907 -0.6836 0.3677 -0.6304
0.1111 -0.2049 -1.23 0.261 0.0378 0.0595 -0.9824 0.1769
0.1553 -0.1121 -0.8327 0.2635 0.0589 0.0595 -0.9824 0.1769
-0.5482 -0.1733 -0.8327 0.227 0.0587 0.0595 -0.9824 0.1769
0.0901 0.035 -1.23 0.3925 0.0301 0.9877 0.0864 -0.1301
0.1183 0.3112 -0.8327 0.4066 0.0506 0.9877 0.0864 -0.1301
0.1553 -0.1121 -0.8327 0.3846 0.0506 0.9877 0.0864 -0.1301
-0.3324 -0.2156 -1.2434 0.9991 0.6093 -0.8858 -0.0775 -0.4576
-0.5482 -0.1733 -0.8327 0.9751 0.609 -0.8858 -0.0775 -0.4576
-0.5853 0.25 -0.8327 0.9725 0.5871 -0.8858 -0.0775 -0.4576
0.7591 -0.2937 -2.2145 0.4506 0.2166 0.809 0.4227 0.4085
-0.039 0.3911 -1.3428 0.38 0.2188 0.809 0.4227 0.4085
0.0901 0.035 -1.23 0.3889 0.2003 0.809 0.4227 0.4085
0.7591 -0.2937 -2.2145 0.9268 0.5792 -0.4669 0.4356 -0.7696
-0.0897 -0.0437 -1.5581 0.9806 0.5607 -0.4669 0.4356 -0.7696
-0.039 0.3911 -1.3428 0.9974 0.5796 -0.4669 0.4356 -0.7696
0.7591 -0.2937 -2.2145 0.2035 0.0805 0.0249 -0.994 0.1061
0.1111 -0.2049 -1.23 0.1432 0.0876 0.0249 -0.994 0.1061
-0.0685 -0.2447 -1.561 0.1504 0.0694 0.0249 -0.994 0.1061
0.7591 -0.2937 -2.2145 0.049 0.0835 0.8361 0.0731 0.5437
0.0901 0.035 -1.23 0.1128 0.0828 0.8361 0.0731 0.5437
0.1111 -0.2049 -1.23 0.1091 0.0947 0.8361 0.0731 0.5437
0.7591 -0.2937 -2.2145 0.5243 0.8496 -0.6208 -0.0543 -0.7821
-0.0685 -0.2447 -1.561 0.5782 0.8413 -0.6208 -0.0543 -0.7821
-0.0897 -0.0437 -1.5581 0.5812 0.8513 -0.6208 -0.0543 -0.7821
-0.0685 -0.2447 -1.561 0.1504 0.0694 0.0208 -0.9939 0.1083
0.1111 -0.2049 -1.23 0.1432 0.0876 0.0208 -0.9939 0.1083
-0.3324 -0.2156 -1.2434 0.1292 0.0695 0.0208 -0.9939 0.1083
-0.6544 -0.0407 -1.5896 0.9995 0.2327 -0.6261 0.6284 0.4616
-0.3558 0.0797 -1.2481 0.9768 0.2409 -0.6261 0.6284 0.4616
-0.039 0.3911 -1.3428 0.9592 0.2255 -0.6261 0.6284 0.4616
-0.5981 -0.14 -1.5878 0.0086 0.5928 -0.7598 -0.143 0.6343
-0.3324 -0.2156 -1.2434 0.003 0.5707 -0.7598 -0.143 0.6343
-0.3558 0.0797 -1.2481 0.0182 0.5704 -0.7598 -0.143 0.6343
-0.5013 -0.1071 -1.7101 0.3238 0.0774 -0.1838 -0.97 -0.1589
-0.0685 -0.2447 -1.561 0.3473 0.0696 -0.1838 -0.97 -0.1589
-0.3324 -0.2156 -1.2434 0.3463 0.091 -0.1838 -0.97 -0.1589
-0.5945 0.1196 -1.6261 0.4402 0.1151 0.2567 0.4341 -0.8635
-0.039 0.3911 -1.3428 0.4754 0.1146 0.2567 0.4341 -0.8635
-0.0897 -0.0437 -1.5581 0.4599 0.1345 0.2567 0.4341 -0.8635
-0.5414 -0.0404 -1.7091 0.3111 0.005 0.3328 0.0899 -0.9387
-0.0897 -0.0437 -1.5581 0.2874 0.0118 0.3328 0.0899 -0.9387
-0.0685 -0.2447 -1.561 0.2835 0.00209999 0.3328 0.0899 -0.9387
-1.0111 -0.5221 -1.6445 0.8323 0.964 -0.6277 0.3881 0.6747
-0.6544 -0.0407 -1.5896 0.8633 0.9613 -0.6277 0.3881 0.6747
-0.5945 0.1196 -1.6261 0.8719 0.9642 -0.6277 0.3881 0.6747
-1.0111 -0.5221 -1.6445 0.9285 0.0173 -0.1006 -0.0389 0.9942
-0.5981 -0.14 -1.5878 0.8999 0.0226 -0.1006 -0.0389 0.9942
-0.6544 -0.0407 -1.5896 0.8975 0.0172 -0.1006 -0.0389 0.9942
-1.0111 -0.5221 -1.6445 0.7779 0.00599998 0.6249 -0.7201 0.3016
-0.5013 -0.1071 -1.7101 0.7437 0.00700003 0.6249 -0.7201 0.3016
-0.5981 -0.14 -1.5878 0.7491 0.000699997 0.6249 -0.7201 0.3016
-1.0111 -0.5221 -1.6445 0.7182 0.0206 -0.4259 0.301 -0.8532
-0.5945 0.1196 -1.6261 0.6787 0.0209 -0.4259 0.301 -0.8532
-0.5414 -0.0404 -1.7091 0.6841 0.0129 -0.4259 0.301 -0.8532
-1.0111 -0.5221 -1.6445 0.5108 0.9956 -0.0948 -0.0407 -0.9947
-0.5414 -0.0404 -1.7091 0.476 0.9964 -0.0948 -0.0407 -0.9947
-0.5013 -0.1071 -1.7101 0.477 0.9924 -0.0948 -0.0407 -0.9947
-0.8486 3.4542 0.8435 0.2275 0.3296 -0.006 0.7388 0.6739
-0.6591 3.8854 0.4687 0.2166 0.3585 -0.006 0.7388 0.6739
-1.8809 4.6253 -0.4496 0.1292 0.3658 -0.006 0.7388 0.6739
-0.6591 3.8854 0.4687 0.2104 0.7123 0.6452 0.706 -0.2919
-0.2205 3.3702 0.1846 0.2423 0.7327 0.6452 0.706 -0.2919
-1.8992 4.5284 -0.7168 0.1317 0.7649 0.6452 0.706 -0.2919
-0.2205 3.3702 0.1846 0.6437 0.6036 0.4734 0.033 -0.8802
-0.2759 2.9668 0.0976 0.6545 0.6221 0.4734 0.033 -0.8802
-2.0698 4.3268 -0.7741 0.531 0.6401 0.4734 0.033 -0.8802
-0.2759 2.9668 0.0976 0.7263 0.5217 -0.1795 -0.6621 -0.7276
-0.7202 2.7618 0.3169 0.7197 0.5485 -0.1795 -0.6621 -0.7276
-2.2223 4.2219 -0.5642 0.6028 0.5373 -0.1795 -0.6621 -0.7276
-0.7202 2.7618 0.3169 0.878 0.802 -0.7436 -0.6543 0.1378
-0.9379 3.0484 0.7945 0.8849 0.7719 -0.7436 -0.6543 0.1378
-2.204 4.3188 -0.2971 0.9925 0.7857 -0.7436 -0.6543 0.1378
-0.9379 3.0484 0.7945 0.2357 0.3719 -0.5953 0.1156 0.7951
-0.8486 3.4542 0.8435 0.2311 0.393 -0.5953 0.1156 0.7951
-2.0333 4.5205 -0.2398 0.1324 0.4063 -0.5953 0.1156 0.7951
-2.0333 4.5205 -0.2398 0.8607 0.6493 0.5631 0.5047 0.6544
-1.8809 4.6253 -0.4496 0.8647 0.6632 0.5631 0.5047 0.6544
-3.8378 6.3158 -0.0717 0.7296 0.6631 0.5631 0.5047 0.6544
-1.8809 4.6253 -0.4496 0.1312 0.7502 0.5838 0.7475 -0.3167
-1.8992 4.5284 -0.7168 0.1317 0.7649 0.5838 0.7475 -0.3167
-3.8872 6.2679 -0.2709 0 0.7232 0.5838 0.7475 -0.3167
-1.8992 4.5284 -0.7168 0.3449 0.9639 0.0075 0.2575 -0.9663
-2.0698 4.3268 -0.7741 0.346 0.9778 0.0075 0.2575 -0.9663
-4.0117 6.1035 -0.3134 0.2078 0.9777 0.0075 0.2575 -0.9663
-2.0698 4.3268 -0.7741 0.8057 0.4552 -0.5904 -0.4744 -0.653
-2.2223 4.2219 -0.5642 0.8017 0.4691 -0.5904 -0.4744 -0.653
-4.0867 5.9869 -0.1568 0.6674 0.4662 -0.5904 -0.4744 -0.653
-2.2223 4.2219 -0.5642 0.6331 0.831 -0.6165 -0.7222 0.3136
-2.204 4.3188 -0.2971 0.6367 0.8167 -0.6165 -0.7222 0.3136
-4.0372 6.0347 0.0424 0.7674 0.8082 -0.6165 -0.7222 0.3136
-2.204 4.3188 -0.2971 0.6938 0.9861 -0.0394 -0.2332 0.9716
-2.0333 4.5205 -0.2398 0.692 1 -0.0394 -0.2332 0.9716
-3.9128 6.1992 0.0849 0.5611 0.9901 -0.0394 -0.2332 0.9716
-3.9128 6.1992 0.0849 0.4833 0.1834 0.3285 0.6784 0.6572
-3.8378 6.3158 -0.0717 0.4834 0.1942 0.3285 0.6784 0.6572
-5.5885 7.2543 -0.1666 0.3806 0.1928 0.3285 0.6784 0.6572
-3.8378 6.3158 -0.0717 0 0.144 0.4616 0.8294 -0.3146
-3.8872 6.2679 -0.2709 0.0014 0.1332 0.4616 0.8294 -0.3146
-5.6286 7.2344 -0.2774 0.1043 0.1367 0.4616 0.8294 -0.3146
-3.8872 6.2679 -0.2709 0.2065 0.9669 0.1019 0.1769 -0.9789
-4.0117 6.1035 -0.3134 0.2078 0.9777 0.1019 0.1769 -0.9789
-5.7191 7.1558 -0.3012 0.1074 1 0.1019 0.1769 -0.9789
-4.0117 6.1035 -0.3134 0.8902 0.336 -0.3969 -0.636 -0.6619
-4.0867 5.9869 -0.1568 0.8901 0.3468 -0.3969 -0.636 -0.6619
-5.7695 7.0971 -0.2142 0.7859 0.3428 -0.3969 -0.636 -0.6619
-4.0867 5.9869 -0.1568 0.7669 0.819 -0.529 -0.7843 0.3242
-4.0372 6.0347 0.0424 0.7674 0.8082 -0.529 -0.7843 0.3242
-5.7294 7.117 -0.1034 0.8691 0.8276 -0.529 -0.7843 0.3242
-4.0372 6.0347 0.0424 0.563 0.9794 -0.1634 -0.1225 0.9789
-3.9128 6.1992 0.0849 0.5611 0.9901 -0.1634 -0.1225 0.9789
-5.639 7.1956 -0.0796 0.4643 0.9578 -0.1634 -0.1225 0.9789
-5.639 7.1956 -0.0796 0.5307 0.5934 0.7745 0.1888 0.6038
-5.5885 7.2543 -0.1666 0.5313 0.5874 0.7745 0.1888 0.6038
-6.5064 9.2447 0.3922 0.6482 0.5881 0.7745 0.1888 0.6038
-5.5885 7.2543 -0.1666 0.6305 0.7385 0.8076 0.4709 -0.355
-5.6286 7.2344 -0.2774 0.6304 0.7324 0.8076 0.4709 -0.355
-6.5353 9.2113 0.2753 0.7434 0.7586 0.8076 0.4709 -0.355
-5.6286 7.2344 -0.2774 0.1079 0.9937 0.0331 0.2821 -0.9588
-5.7191 7.1558 -0.3012 0.1074 1 0.0331 0.2821 -0.9588
-6.6301 9.1436 0.2496 0 0.9548 0.0331 0.2821 -0.9588
-5.7191 7.1558 -0.3012 0.8499 0.5154 -0.7745 -0.1888 -0.6038
-5.7695 7.0971 -0.2142 0.8505 0.5214 -0.7745 -0.1888 -0.6038
-6.6959 9.1093 0.3408 0.7324 0.5219 -0.7745 -0.1888 -0.6038
-5.7695 7.0971 -0.2142 0.7607 0.8553 -0.8076 -0.4709 0.355
-5.7294 7.117 -0.1034 0.7606 0.8615 -0.8076 -0.4709 0.355
-6.667 9.1428 0.4577 0.6447 0.8881 -0.8076 -0.4709 0.355
-5.7294 7.117 -0.1034 0.4641 0.9515 -0.0331 -0.2821 0.9588
-5.639 7.1956 -0.0796 0.4643 0.9578 -0.0331 -0.2821 0.9588
-6.5722 9.2105 0.4833 0.3528 0.9972 -0.0331 -0.2821 0.9588
-6.5064 9.2447 0.3922 0.865 0.1407 0.3185 0.7886 0.5259
-7.3459 9.9323 -0.1305 0.9271 0.1455 0.3185 0.7886 0.5259
-6.5722 9.2105 0.4833 0.8639 0.1467 0.3185 0.7886 0.5259
-6.5353 9.2113 0.2753 0.7434 0.7586 0.7143 0.6059 -0.3502
-7.3459 9.9323 -0.1305 0.7956 0.7307 0.7143 0.6059 -0.3502
-6.5064 9.2447 0.3922 0.7444 0.7649 0.7143 0.6059 -0.3502
-6.6301 9.1436 0.2496 0.782 0.1286 0.3466 -0.1329 -0.9285
-7.3459 9.9323 -0.1305 0.8402 0.134 0.3466 -0.1329 -0.9285
-6.5353 9.2113 0.2753 0.7803 0.1345 0.3466 -0.1329 -0.9285
-6.6959 9.1093 0.3408 0.7436 0.0778 -0.4458 -0.6833 -0.5783
-7.3459 9.9323 -0.1305 0.803 0.0795 -0.4458 -0.6833 -0.5783
-6.6301 9.1436 0.2496 0.7447 0.0838 -0.4458 -0.6833 -0.5783
-6.667 9.1428 0.4577 0.6447 0.8881 -0.8232 -0.4584 0.3349
-7.3459 9.9323 -0.1305 0.593 0.8543 -0.8232 -0.4584 0.3349
-6.6959 9.1093 0.3408 0.6457 0.8817 -0.8232 -0.4584 0.3349
-6.5722 9.2105 0.4833 0.5382 0.0778 -0.4286 0.2731 0.8613
-7.3459 9.9323 -0.1305 0.6014 0.0799 -0.4286 0.2731 0.8613
-6.667 9.1428 0.4577 0.5397 0.0838 -0.4286 0.2731 0.8613
-2.2294 4.6157 -0.4413 0.3148 0.2546 -0.3157 0.9468 -0.0629
-2.0147 4.6766 -0.593 0.3177 0.2683 -0.3157 0.9468 -0.0629
-2.9555 4.267 -2.0455 0.2275 0.2859 -0.3157 0.9468 -0.0629
-2.0147 4.6766 -0.593 0.6206 0.7777 0.5221 0.6711 -0.5264
-1.8369 4.4846 -0.6586 0.6269 0.7901 0.5221 0.6711 -0.5264
-2.8734 4.0855 -2.1984 0.539 0.8338 0.5221 0.6711 -0.5264
-1.8369 4.4846 -0.6586 0.38 0.2409 0.8285 -0.2814 -0.4841
-1.8738 4.2316 -0.5725 0.3802 0.227 0.8285 -0.2814 -0.4841
-2.947 3.8619 -2.1964 0.4825 0.2295 0.8285 -0.2814 -0.4841
-1.8738 4.2316 -0.5725 0.8163 0.3095 0.2887 -0.957 0.0268
-2.0885 4.1706 -0.4208 0.8161 0.3234 0.2887 -0.957 0.0268
-3.1026 3.8197 -2.0415 0.7157 0.3206 0.2887 -0.957 0.0268
-2.0885 4.1706 -0.4208 0.3252 0.292 -0.5537 -0.6724 0.4911
-2.2663 4.3626 -0.3553 0.328 0.3057 -0.5537 -0.6724 0.4911
-3.1847 4.0012 -1.8886 0.2354 0.3234 -0.5537 -0.6724 0.4911
-2.2663 4.3626 -0.3553 0.4428 0.3752 -0.8516 0.2793 0.4436
-2.2294 4.6157 -0.4413 0.4457 0.3888 -0.8516 0.2793 0.4436
-3.1111 4.2248 -1.8906 0.3574 0.4063 -0.8516 0.2793 0.4436
-3.1111 4.2248 -1.8906 0.7638 0.2295 0.3385 0.7727 0.537
-2.9555 4.267 -2.0455 0.7658 0.2409 0.3385 0.7727 0.537
-4.3779 5.3187 -2.6662 0.669 0.2392 0.3385 0.7727 0.537
-2.9555 4.267 -2.0455 0.5394 0.8208 0.6502 0.635 -0.4171
-2.8734 4.0855 -2.1984 0.539 0.8338 0.6502 0.635 -0.4171
-4.3602 5.2393 -2.755 0.4538 0.7808 0.6502 0.635 -0.4171
-2.8734 4.0855 -2.1984 0.9675 0.6698 0.2711 -0.1097 -0.9563
-2.947 3.8619 -2.1964 0.9748 0.6796 0.2711 -0.1097 -0.9563
-4.4051 5.1261 -2.7519 0.8744 0.7061 0.2711 -0.1097 -0.9563
-2.947 3.8619 -2.1964 0.7158 0.2541 -0.4017 -0.713 -0.5746
-3.1026 3.8197 -2.0415 0.7136 0.2654 -0.4017 -0.713 -0.5746
-4.4677 5.0924 -2.6601 0.6121 0.2603 -0.4017 -0.713 -0.5746
-3.1026 3.8197 -2.0415 0.9861 0.395 -0.7201 -0.5993 0.3498
-3.1847 4.0012 -1.8886 0.9796 0.4063 -0.7201 -0.5993 0.3498
-4.4854 5.1719 -2.5714 0.8827 0.4012 -0.7201 -0.5993 0.3498
-3.1847 4.0012 -1.8886 0.2209 0.2852 -0.3601 0.1405 0.9223
-3.1111 4.2248 -1.8906 0.2202 0.2974 -0.3601 0.1405 0.9223
-4.4405 5.285 -2.5744 0.1292 0.3234 -0.3601 0.1405 0.9223
-4.3779 5.3187 -2.6662 0.7624 0.2006 -0.2004 0.956 0.2142
-6.0173 5.1975 -3.6595 0.8615 0.206 -0.2004 0.956 0.2142
-4.4405 5.285 -2.5744 0.7625 0.2066 -0.2004 0.956 0.2142
-4.3602 5.2393 -2.755 0.9853 0.2188 0.3086 0.7385 -0.5994
-6.0173 5.1975 -3.6595 0.8878 0.2141 0.3086 0.7385 -0.5994
-4.3779 5.3187 -2.6662 0.987 0.2128 0.3086 0.7385 -0.5994
-4.4051 5.1261 -2.7519 0.9632 0.2066 0.4725 -0.2104 -0.8559
-6.0173 5.1975 -3.6595 0.8676 0.201 0.4725 -0.2104 -0.8559
-4.3602 5.2393 -2.755 0.9652 0.2007 0.4725 -0.2104 -0.8559
-4.4677 5.0924 -2.6601 0.9606 0.162 0.112 -0.9551 -0.2741
-6.0173 5.1975 -3.6595 0.8653 0.1563 0.112 -0.9551 -0.2741
-4.4051 5.1261 -2.7519 0.961 0.156 0.112 -0.9551 -0.2741
-4.4854 5.1719 -2.5714 0.4815 0.1165 -0.4107 -0.7186 0.5612
-6.0173 5.1975 -3.6595 0.5787 0.1172 -0.4107 -0.7186 0.5612
-4.4677 5.0924 -2.6601 0.4833 0.1224 -0.4107 -0.7186 0.5612
-4.4405 5.285 -2.5744 0.6549 0.156 -0.559 0.243 0.7927
-6.0173 5.1975 -3.6595 0.7538 0.1593 -0.559 0.243 0.7927
-4.4854 5.1719 -2.5714 0.6568 0.162 -0.559 0.243 0.7927
-2.2294 4.6157 -0.4413 0.0671 0.0308 0.5254 0.2044 0.8259
-2.2663 4.3626 -0.3553 0.074 0.0429 0.5254 0.2044 0.8259
-2.0885 4.1706 -0.4208 0.0671 0.055 0.5254 0.2044 0.8259
-2.2294 4.6157 -0.4413 0.0671 0.0308 0.5254 0.2044 0.8259
-1.8738 4.2316 -0.5725 0.0531 0.055 0.5254 0.2044 0.8259
-1.8369 4.4846 -0.6586 0.0462 0.0429 0.5254 0.2044 0.8259
-3.8094 6.0816 0.0103 0.6499 0.2733 0.8678 0.1504 0.4737
-3.7948 6.271 -0.0772 0.6502 0.2841 0.8678 0.1504 0.4737
-4.9603 7.1647 1.7749 0.5281 0.2859 0.8678 0.1504 0.4737
-3.7948 6.271 -0.0772 0.5849 0.8574 0.4878 0.8659 -0.111
-3.9476 6.3408 -0.2018 0.5869 0.868 0.4878 0.8659 -0.111
-5.0528 7.2101 1.7191 0.4655 0.8881 0.4878 0.8659 -0.111
-3.9476 6.3408 -0.2018 0.9251 0.7127 -0.3967 0.7288 -0.5581
-4.1151 6.2211 -0.2389 0.925 0.7235 -0.3967 0.7288 -0.5581
-5.1478 7.1455 1.7021 0.8018 0.7194 -0.3967 0.7288 -0.5581
-4.1151 6.2211 -0.2389 0.6564 0.2859 -0.8994 -0.1254 -0.4187
-4.1297 6.0316 -0.1514 0.6566 0.2751 -0.8994 -0.1254 -0.4187
-5.1502 7.0355 1.7409 0.7791 0.2797 -0.8994 -0.1254 -0.4187
-4.1297 6.0316 -0.1514 0.647 0.9267 -0.5167 -0.8397 0.167
-3.9768 5.9619 -0.0268 0.6486 0.916 -0.5167 -0.8397 0.167
-5.0577 6.9902 1.7968 0.7686 0.9365 -0.5167 -0.8397 0.167
-3.9768 5.9619 -0.0268 0.5396 0.3842 0.366 -0.7009 0.6122
-3.8094 6.0816 0.0103 0.54 0.3734 0.366 -0.7009 0.6122
-4.9627 7.0547 1.8138 0.6614 0.3799 0.366 -0.7009 0.6122
-4.9603 7.1647 1.7749 0.5557 0.1467 0.9488 0.0862 0.3039
-5.681 7.6161 3.8972 0.4375 0.1464 0.9488 0.0862 0.3039
-4.9627 7.0547 1.8138 0.5549 0.1407 0.9488 0.0862 0.3039
-5.0528 7.2101 1.7191 0.4655 0.8881 0.4566 0.889 -0.034
-5.681 7.6161 3.8972 0.3478 0.873 0.4566 0.889 -0.034
-4.9603 7.1647 1.7749 0.4652 0.8821 0.4566 0.889 -0.034
-5.1478 7.1455 1.7021 0.6457 0.4136 -0.5004 0.8137 -0.2959
-5.681 7.6161 3.8972 0.7649 0.4165 -0.5004 0.8137 -0.2959
-5.0528 7.2101 1.7191 0.6459 0.4196 -0.5004 0.8137 -0.2959
-5.1502 7.0355 1.7409 0.0007 0.0611 -0.9729 -0.0574 -0.224
-5.681 7.6161 3.8972 0.1193 0.0656 -0.9729 -0.0574 -0.224
-5.1478 7.1455 1.7021 0 0.0671 -0.9729 -0.0574 -0.224
-5.0577 6.9902 1.7968 0.7686 0.9365 -0.4912 -0.8639 0.1117
-5.681 7.6161 3.8972 0.8854 0.9234 -0.4912 -0.8639 0.1117
-5.1502 7.0355 1.7409 0.7686 0.9426 -0.4912 -0.8639 0.1117
-4.9627 7.0547 1.8138 0.6485 0.162 0.4735 -0.7957 0.3776
-5.681 7.6161 3.8972 0.531 0.1584 0.4735 -0.7957 0.3776
-5.0577 6.9902 1.7968 0.6487 0.156 0.4735 -0.7957 0.3776
-3.8094 6.0816 0.0103 0.1208 0.5247 0.4619 -0.4009 -0.7911
-3.9768 5.9619 -0.0268 0.1176 0.535 0.4619 -0.4009 -0.7911
-4.1297 6.0316 -0.1514 0.1071 0.5375 0.4619 -0.4009 -0.7911
-3.8094 6.0816 0.0103 0.1208 0.5247 0.4619 -0.4009 -0.7911
-4.1151 6.2211 -0.2389 0.0997 0.5296 0.4619 -0.4009 -0.7911
-3.9476 6.3408 -0.2018 0.1028 0.5193 0.4619 -0.4009 -0.7911
-6.5273 9.2639 0.3879 0.6787 0.0657 0.2771 0.7774 0.5647
-7.3459 9.9323 -0.1305 0.7394 0.0687 0.2771 0.7774 0.5647
-6.6081 9.2358 0.4663 0.6787 0.0717 0.2771 0.7774 0.5647
-6.5204 9.2052 0.2881 0.599 0.0536 0.7123 0.6253 -0.3186
-7.3459 9.9323 -0.1305 0.5382 0.0514 0.7123 0.6253 -0.3186
-6.5273 9.2639 0.3879 0.5989 0.0476 0.7123 0.6253 -0.3186
-6.5942 9.1183 0.2667 0.5991 0.0394 0.3809 -0.0969 -0.9195
-7.3459 9.9323 -0.1305 0.5382 0.0394 0.3809 -0.0969 -0.9195
-6.5204 9.2052 0.2881 0.5988 0.0334 0.3809 -0.0969 -0.9195
-6.675 9.0901 0.3451 0.7628 0.0911 -0.3858 -0.6672 -0.6372
-7.3459 9.9323 -0.1305 0.8235 0.0943 -0.3858 -0.6672 -0.6372
-6.5942 9.1183 0.2667 0.7628 0.0971 -0.3858 -0.6672 -0.6372
-6.682 9.1489 0.4448 0.6097 0.0778 -0.821 -0.5151 0.2461
-7.3459 9.9323 -0.1305 0.6704 0.0819 -0.821 -0.5151 0.2461
-6.675 9.0901 0.3451 0.6096 0.0838 -0.821 -0.5151 0.2461
-6.6081 9.2358 0.4663 0.9835 0.1224 -0.4895 0.2071 0.847
-7.3459 9.9323 -0.1305 0.9227 0.1224 -0.4895 0.2071 0.847
-6.682 9.1489 0.4448 0.9832 0.1165 -0.4895 0.2071 0.847
-6.6081 9.2358 0.4663 0.5751 0.9759 0.6358 -0.6448 0.4243
-6.682 9.1489 0.4448 0.5721 0.9708 0.6358 -0.6448 0.4243
-6.675 9.0901 0.3451 0.5751 0.9656 0.6358 -0.6448 0.4243
-6.6081 9.2358 0.4663 0.5751 0.9759 0.6358 -0.6448 0.4243
-6.5942 9.1183 0.2667 0.5811 0.9656 0.6358 -0.6448 0.4243
-6.5204 9.2052 0.2881 0.5841 0.9708 0.6358 -0.6448 0.4243
-5.7249 7.2543 -0.1184 0.5873 0.0618 0.1016 0.8135 0.5726
-5.6127 7.2606 -0.1473 0.5875 0.0678 0.1016 0.8135 0.5726
-5.8353 7.8129 -0.8924 0.5382 0.0696 0.1016 0.8135 0.5726
-5.6127 7.2606 -0.1473 0.8946 0.5083 0.8883 0.4538 0.071
-5.5668 7.182 -0.2193 0.8931 0.5025 0.8883 0.4538 0.071
-5.7968 7.7525 -0.989 0.9425 0.4899 0.8883 0.4538 0.071
-5.5668 7.182 -0.2193 0.8297 0.096 0.7867 -0.3597 -0.5017
-5.6331 7.0971 -0.2624 0.8298 0.09 0.7867 -0.3597 -0.5017
-5.8678 7.6794 -1.0479 0.8818 0.0911 0.7867 -0.3597 -0.5017
-5.6331 7.0971 -0.2624 0.4295 0.1559 -0.1016 -0.8135 -0.5726
-5.7453 7.0908 -0.2335 0.4314 0.1616 -0.1016 -0.8135 -0.5726
-5.9774 7.6665 -1.0103 0.3824 0.1772 -0.1016 -0.8135 -0.5726
-5.7453 7.0908 -0.2335 0.1053 0.179 -0.8883 -0.4538 -0.071
-5.7912 7.1694 -0.1616 0.1075 0.1846 -0.8883 -0.4538 -0.071
-6.0159 7.7269 -0.9137 0.061 0.2024 -0.8883 -0.4538 -0.071
-5.7912 7.1694 -0.1616 0.541 0.6473 -0.7867 0.3597 0.5017
-5.7249 7.2543 -0.1184 0.5435 0.6528 -0.7867 0.3597 0.5017
-5.9449 7.8 -0.8547 0.4996 0.6737 -0.7867 0.3597 0.5017
-5.8353 7.8129 -0.8924 0.6787 0.0271 0.2218 0.5226 0.8232
-6.2534 8.6723 -1.3253 0.7329 0.0286 0.2218 0.5226 0.8232
-5.9449 7.8 -0.8547 0.6794 0.0331 0.2218 0.5226 0.8232
-5.7968 7.7525 -0.989 0.9425 0.4899 0.8843 0.4625 0.064
-6.2534 8.6723 -1.3253 0.9953 0.5082 0.8843 0.4625 0.064
-5.8353 7.8129 -0.8924 0.9424 0.4961 0.8843 0.4625 0.064
-5.8678 7.6794 -1.0479 0.7355 0.0472 0.6236 0.0239 -0.7814
-6.2534 8.6723 -1.3253 0.6787 0.0469 0.6236 0.0239 -0.7814
-5.7968 7.7525 -0.989 0.7342 0.0412 0.6236 0.0239 -0.7814
-5.9774 7.6665 -1.0103 0.8016 0.0717 -0.2667 -0.354 -0.8964
-6.2534 8.6723 -1.3253 0.7456 0.0662 -0.2667 -0.354 -0.8964
-5.8678 7.6794 -1.0479 0.8025 0.0657 -0.2667 -0.354 -0.8964
-6.0159 7.7269 -0.9137 0.8635 0.0838 -0.9334 -0.3118 -0.1776
-6.2534 8.6723 -1.3253 0.8091 0.0784 -0.9334 -0.3118 -0.1776
-5.9774 7.6665 -1.0103 0.8654 0.0779 -0.9334 -0.3118 -0.1776
-5.9449 7.8 -0.8547 0.663 0.0158 -0.7068 0.1255 0.6961
-6.2534 8.6723 -1.3253 0.6096 0.00999999 -0.7068 0.1255 0.6961
-6.0159 7.7269 -0.9137 0.6643 0.00980002 -0.7068 0.1255 0.6961
-5.7249 7.2543 -0.1184 0.8894 0.9791 0.2334 -0.579 0.7812
-5.7912 7.1694 -0.1616 0.8942 0.9826 0.2334 -0.579 0.7812
-5.7453 7.0908 -0.2335 0.8935 0.9886 0.2334 -0.579 0.7812
-5.7249 7.2543 -0.1184 0.8894 0.9791 0.2334 -0.579 0.7812
-5.6331 7.0971 -0.2624 0.888 0.991 0.2334 -0.579 0.7812
-5.5668 7.182 -0.2193 0.8832 0.9874 0.2334 -0.579 0.7812
-0.2924 6.7647 0.5799 0.6 0.5083 -0.7618 -0.36 0.5386
-0.0023 6.3132 0.7062 0.5999 0.4798 -0.7618 -0.36 0.5386
0.6013 7.563 2.3775 0.711 0.4959 -0.7618 -0.36 0.5386
-0.0023 6.3132 0.7062 0.2559 0.7649 0.1726 -0.8196 0.5463
0.3408 6.2966 0.5598 0.2485 0.7471 0.1726 -0.8196 0.5463
0.8394 7.5934 2.3611 0.362 0.7167 0.1726 -0.8196 0.5463
0.3408 6.2966 0.5598 0.5937 0.4786 0.9673 -0.1431 -0.2096
0.2822 6.8215 0.3163 0.5921 0.5083 0.9673 -0.1431 -0.2096
0.9224 7.768 2.2396 0.4767 0.5017 0.9673 -0.1431 -0.2096
0.2822 6.8215 0.3163 0.9274 0.4543 0.7031 0.5112 -0.4943
0.1476 7.1131 0.4601 0.917 0.4691 0.7031 0.5112 -0.4943
0.7675 7.9122 2.1345 0.8159 0.4683 0.7031 0.5112 -0.4943
0.1476 7.1131 0.4601 0.481 0.247 -0.1301 0.9134 -0.3858
-0.1797 7.1281 0.5976 0.4808 0.2654 -0.1301 0.9134 -0.3858
0.5294 7.8817 2.1509 0.3843 0.2629 -0.1301 0.9134 -0.3858
-0.1797 7.1281 0.5976 0.8028 0.4419 -0.905 0.3698 0.2105
-0.2924 6.7647 0.5799 0.7917 0.4257 -0.905 0.3698 0.2105
0.4464 7.7071 2.2724 0.8988 0.4272 -0.905 0.3698 0.2105
0.4464 7.7071 2.2724 0.111 0.1501 -0.7333 -0.6491 0.2025
0.6013 7.563 2.3775 0.1141 0.1619 -0.7333 -0.6491 0.2025
-0.1478 8.9053 3.962 0 0.1597 -0.7333 -0.6491 0.2025
0.6013 7.563 2.3775 0.3624 0.7291 0.1444 -0.7198 0.6789
0.8394 7.5934 2.3611 0.362 0.7167 0.1444 -0.7198 0.6789
0.0231 8.9537 3.975 0.4719 0.752 0.1444 -0.7198 0.6789
0.8394 7.5934 2.3611 0.9913 0.9587 0.8687 -0.0606 0.4916
0.9224 7.768 2.2396 0.9928 0.9704 0.8687 -0.0606 0.4916
0.088 9.0838 3.8726 0.8763 0.9766 0.8687 -0.0606 0.4916
0.9224 7.768 2.2396 0.6038 0.2536 0.723 0.6699 -0.1689
0.7675 7.9122 2.1345 0.6007 0.2654 0.723 0.6699 -0.1689
-0.018 9.1656 3.7573 0.4872 0.265 0.723 0.6699 -0.1689
0.7675 7.9122 2.1345 0.4842 0.5884 -0.1494 0.7469 -0.6479
0.5294 7.8817 2.1509 0.4811 0.6004 -0.1494 0.7469 -0.6479
-0.1888 9.1173 3.7443 0.3707 0.6075 -0.1494 0.7469 -0.6479
0.5294 7.8817 2.1509 0.3528 0.924 -0.8816 0.0872 -0.464
0.4464 7.7071 2.2724 0.3537 0.9122 -0.8816 0.0872 -0.464
-0.2537 8.9871 3.8466 0.4646 0.9145 -0.8816 0.0872 -0.464
-0.2537 8.9871 3.8466 0.4375 0.162 -0.7912 -0.453 0.4108
-0.1478 8.9053 3.962 0.4378 0.1528 -0.7912 -0.453 0.4108
-0.3417 10.2 5.0146 0.5245 0.1567 -0.7912 -0.453 0.4108
-0.1478 8.9053 3.962 0.6874 0.3815 0.1158 -0.616 0.7792
0.0231 8.9537 3.975 0.6885 0.3723 0.1158 -0.616 0.7792
-0.2487 10.2362 5.0292 0.7754 0.3739 0.1158 -0.616 0.7792
0.0231 8.9537 3.975 0.8747 0.9676 0.9059 -0.1375 0.4006
0.088 9.0838 3.8726 0.8763 0.9766 0.9059 -0.1375 0.4006
-0.2161 10.3241 4.986 0.7926 1 0.9059 -0.1375 0.4006
0.088 9.0838 3.8726 0.953 0.2318 0.7817 0.5118 -0.3564
-0.018 9.1656 3.7573 0.9531 0.2409 0.7817 0.5118 -0.3564
-0.2766 10.3758 4.9282 0.8651 0.239 0.7817 0.5118 -0.3564
-0.018 9.1656 3.7573 0.3711 0.5983 -0.1397 0.6733 -0.7261
-0.1888 9.1173 3.7443 0.3707 0.6075 -0.1397 0.6733 -0.7261
-0.3696 10.3396 4.9136 0.2849 0.591 -0.1397 0.6733 -0.7261
-0.1888 9.1173 3.7443 0.4635 0.9236 -0.9226 0.1871 -0.3374
-0.2537 8.9871 3.8466 0.4646 0.9145 -0.9226 0.1871 -0.3374
-0.4022 10.2518 4.9568 0.5477 0.9373 -0.9226 0.1871 -0.3374
-0.4022 10.2518 4.9568 0.8931 0.4828 -0.5943 -0.7946 -0.1239
-0.3417 10.2 5.0146 0.8936 0.4777 -0.5943 -0.7946 -0.1239
-1.2608 10.6326 6.633 0.9924 0.4787 -0.5943 -0.7946 -0.1239
-0.3417 10.2 5.0146 0.1293 0.4207 0.2622 -0.8852 0.3842
-0.2487 10.2362 5.0292 0.1292 0.4155 0.2622 -0.8852 0.3842
-1.1594 10.6617 6.6363 0.2249 0.4365 0.2622 -0.8852 0.3842
-0.2487 10.2362 5.0292 0.7927 0.9947 0.8565 -0.0906 0.5081
-0.2161 10.3241 4.986 0.7926 1 0.8565 -0.0906 0.5081
-1.1278 10.7513 6.6029 0.6999 0.9668 0.8565 -0.0906 0.5081
-0.2161 10.3241 4.986 0.8951 0.1714 0.5943 0.7946 0.1239
-0.2766 10.3758 4.9282 0.8956 0.1764 0.5943 0.7946 0.1239
-1.1976 10.8118 6.5662 0.7959 0.1772 0.5943 0.7946 0.1239
-0.2766 10.3758 4.9282 0.5953 0.5183 -0.2622 0.8852 -0.3842
-0.3696 10.3396 4.9136 0.5954 0.5235 -0.2622 0.8852 -0.3842
-1.2989 10.7826 6.5629 0.4981 0.5485 -0.2622 0.8852 -0.3842
-0.3696 10.3396 4.9136 0.5481 0.9426 -0.8565 0.0906 -0.5081
-0.4022 10.2518 4.9568 0.5477 0.9373 -0.8565 0.0906 -0.5081
-1.3306 10.693 6.5963 0.6399 0.8989 -0.8565 0.0906 -0.5081
-1.2608 10.6326 6.633 0.6754 0.1032 -0.6928 -0.4652 0.551
-1.0153 11.2129 7.4317 0.7278 0.1073 -0.6928 -0.4652 0.551
-1.3306 10.693 6.5963 0.6744 0.1083 -0.6928 -0.4652 0.551
-1.1594 10.6617 6.6363 0.2249 0.4365 0.2189 -0.8201 0.5286
-1.0153 11.2129 7.4317 0.2687 0.4124 0.2189 -0.8201 0.5286
-1.2608 10.6326 6.633 0.2258 0.4419 0.2189 -0.8201 0.5286
-1.1278 10.7513 6.6029 0.6801 0.00169998 0.9473 -0.3166 0.0477
-1.0153 11.2129 7.4317 0.7292 0.00639999 0.9473 -0.3166 0.0477
-1.1594 10.6617 6.6363 0.6787 0.0068 0.9473 -0.3166 0.0477
-1.1976 10.8118 6.5662 0.7842 0.1083 0.7106 0.5693 -0.4135
-1.0153 11.2129 7.4317 0.734 0.1071 0.7106 0.5693 -0.4135
-1.1278 10.7513 6.6029 0.7832 0.1032 0.7106 0.5693 -0.4135
-1.2989 10.7826 6.5629 0.4981 0.5485 -0.2467 0.898 -0.3643
-1.0153 11.2129 7.4317 0.4537 0.521 -0.2467 0.898 -0.3643
-1.1976 10.8118 6.5662 0.4988 0.5431 -0.2467 0.898 -0.3643
-1.3306 10.693 6.5963 0.7877 0.0301 -0.9218 0.3693 0.118
-1.0153 11.2129 7.4317 0.8411 0.0303 -0.9218 0.3693 0.118
-1.2989 10.7826 6.5629 0.7891 0.0351 -0.9218 0.3693 0.118
0.5826 7.8532 2.4239 0.5848 0.2174 -0.1942 0.124 0.9731
0.702 7.665 2.4713 0.5852 0.2056 -0.1942 0.124 0.9731
1.9372 8.5084 2.6108 0.6628 0.2092 -0.1942 0.124 0.9731
0.702 7.665 2.4713 0.4834 0.7625 0.3634 -0.645 0.6723
0.8038 7.5493 2.3034 0.478 0.752 0.3634 -0.645 0.6723
2.1041 8.47 2.4857 0.5523 0.7151 0.3634 -0.645 0.6723
0.8038 7.5493 2.3034 0.9829 0.2741 0.5785 -0.7588 -0.2992
0.7862 7.6219 2.0881 0.9827 0.2859 0.5785 -0.7588 -0.2992
2.1474 8.5679 2.3181 0.8962 0.2834 0.5785 -0.7588 -0.2992
0.7862 7.6219 2.0881 0.227 0.1221 0.2304 -0.0956 -0.9684
0.6668 7.8102 2.0407 0.2273 0.1103 0.2304 -0.0956 -0.9684
2.0238 8.7042 2.2756 0.3121 0.1133 0.2304 -0.0956 -0.9684
0.6668 7.8102 2.0407 0.774 0.2409 -0.3305 0.6761 -0.6585
0.565 7.9258 2.2086 0.7742 0.2291 -0.3305 0.6761 -0.6585
1.8568 8.7426 2.4007 0.8538 0.2311 -0.3305 0.6761 -0.6585
0.565 7.9258 2.2086 0.9174 0.3658 -0.5399 0.7817 0.312
0.5826 7.8532 2.4239 0.9174 0.354 -0.5399 0.7817 0.312
1.8136 8.6446 2.5683 0.9934 0.3548 -0.5399 0.7817 0.312
1.8136 8.6446 2.5683 0.2094 0.00480002 -0.6985 -0.4816 0.5293
1.9372 8.5084 2.6108 0.211 0.0144 -0.6985 -0.4816 0.5293
2.1614 9.5112 3.8159 0.1292 0.0116 -0.6985 -0.4816 0.5293
1.9372 8.5084 2.6108 0.552 0.7261 0.2731 -0.7632 0.5856
2.1041 8.47 2.4857 0.5523 0.7151 0.2731 -0.7632 0.5856
2.2516 9.5094 3.7688 0.6242 0.7599 0.2731 -0.7632 0.5856
2.1041 8.47 2.4857 0.1324 0.0303 0.9647 -0.2472 0.0912
2.1474 8.5679 2.3181 0.1292 0.0206 0.9647 -0.2472 0.0912
2.2715 9.5653 3.6848 0.2167 0.0259 0.9647 -0.2472 0.0912
2.1474 8.5679 2.3181 0.7883 0.3817 0.7167 0.5319 -0.451
2.0238 8.7042 2.2756 0.79 0.3721 0.7167 0.5319 -0.451
2.2013 9.623 3.6479 0.8758 0.3746 0.7167 0.5319 -0.451
2.0238 8.7042 2.2756 0.6689 0.2188 -0.2204 0.8245 -0.5212
1.8568 8.7426 2.4007 0.6742 0.2092 -0.2204 0.8245 -0.5212
2.1111 9.6247 3.695 0.7562 0.212 -0.2204 0.8245 -0.5212
1.8568 8.7426 2.4007 0.6834 0.1846 -0.9439 0.3283 -0.0363
1.8136 8.6446 2.5683 0.6799 0.1942 -0.9439 0.3283 -0.0363
2.0912 9.5688 3.779 0.5999 0.1926 -0.9439 0.3283 -0.0363
2.1614 9.5112 3.8159 0.9891 0.4213 -0.4587 0.01 0.8885
2.932 10.8867 4.1983 0.9053 0.4185 -0.4587 0.01 0.8885
2.0912 9.5688 3.779 0.989 0.4163 -0.4587 0.01 0.8885
2.2516 9.5094 3.7688 0.8563 0.1467 0.4067 -0.449 0.7956
2.932 10.8867 4.1983 0.7739 0.1435 0.4067 -0.449 0.7956
2.1614 9.5112 3.8159 0.8577 0.1416 0.4067 -0.449 0.7956
2.2715 9.5653 3.6848 0.5398 0.092 0.9028 -0.4247 -0.0684
2.932 10.8867 4.1983 0.6206 0.0942 0.9028 -0.4247 -0.0684
2.2516 9.5094 3.7688 0.5382 0.0971 0.9028 -0.4247 -0.0684
2.2013 9.623 3.6479 0.668 0.1083 0.5122 0.0764 -0.8554
2.932 10.8867 4.1983 0.5875 0.1036 0.5122 0.0764 -0.8554
2.2715 9.5653 3.6848 0.6683 0.1032 0.5122 0.0764 -0.8554
2.1111 9.6247 3.695 0.7741 0.1345 -0.3797 0.5451 -0.7474
2.932 10.8867 4.1983 0.6922 0.1314 -0.3797 0.5451 -0.7474
2.2013 9.623 3.6479 0.7728 0.1295 -0.3797 0.5451 -0.7474
2.0912 9.5688 3.779 0.7781 0.1224 -0.8542 0.503 0.132
2.932 10.8867 4.1983 0.6945 0.1222 -0.8542 0.503 0.132
2.1111 9.6247 3.695 0.7764 0.1174 -0.8542 0.503 0.132
0.5826 7.8532 2.4239 0.0802 0.0227 -0.8248 -0.5528 -0.1191
0.565 7.9258 2.2086 0.0861 0.0126 -0.8248 -0.5528 -0.1191
0.6668 7.8102 2.0407 0.0979 0.0126 -0.8248 -0.5528 -0.1191
0.5826 7.8532 2.4239 0.0802 0.0227 -0.8248 -0.5528 -0.1191
0.7862 7.6219 2.0881 0.1038 0.0229 -0.8248 -0.5528 -0.1191
0.8038 7.5493 2.3034 0.0978 0.033 -0.8248 -0.5528 -0.1191
-0.1635 8.9207 3.7522 0.1031 0.1029 -0.4544 -0.879 -0.1445
-0.132 8.877 3.9205 0.1032 0.112 -0.4544 -0.879 -0.1445
-1.8819 9.6993 4.4193 0 0.1108 -0.4544 -0.879 -0.1445
-0.132 8.877 3.9205 0.5724 0.5578 -0.0889 -0.6483 0.7562
-0.0514 8.9918 4.028 0.5737 0.5669 -0.0889 -0.6483 0.7562
-1.8497 9.7683 4.4826 0.4705 0.5796 -0.0889 -0.6483 0.7562
-0.0514 8.9918 4.028 0.4895 0.1941 0.3357 0.2446 0.9097
-0.0023 9.1502 3.9671 0.4897 0.185 0.3357 0.2446 0.9097
-1.8258 9.8576 4.4498 0.5937 0.1891 0.3357 0.2446 0.9097
-0.0023 9.1502 3.9671 0.8524 0.2654 0.3934 0.9053 0.16
-0.0337 9.1939 3.7988 0.8523 0.2563 0.3934 0.9053 0.16
-1.8341 9.8779 4.3538 0.9559 0.2579 0.3934 0.9053 0.16
-0.0337 9.1939 3.7988 0.1292 0.4609 0.0268 0.6717 -0.7404
-0.1143 9.0791 3.6913 0.1301 0.4519 0.0268 0.6717 -0.7404
-1.8663 9.8089 4.2904 0.2322 0.464 0.0268 0.6717 -0.7404
-0.1143 9.0791 3.6913 0.4377 0.1772 -0.3964 -0.2198 -0.8914
-0.1635 8.9207 3.7522 0.4375 0.1681 -0.3964 -0.2198 -0.8914
-1.8901 9.7196 4.3232 0.5402 0.1683 -0.3964 -0.2198 -0.8914
-1.8819 9.6993 4.4193 0.5813 0.1083 -0.2702 -0.9464 -0.1769
-3.7396 10.2269 4.4338 0.4815 0.1053 -0.2702 -0.9464 -0.1769
-1.8901 9.7196 4.3232 0.5808 0.1032 -0.2702 -0.9464 -0.1769
-1.8497 9.7683 4.4826 0.4705 0.5796 -0.1707 -0.622 0.7642
-3.7396 10.2269 4.4338 0.3717 0.5627 -0.1707 -0.622 0.7642
-1.8819 9.6993 4.4193 0.4705 0.5745 -0.1707 -0.622 0.7642
-1.8258 9.8576 4.4498 0.667 0.1416 0.0559 0.3305 0.9422
-3.7396 10.2269 4.4338 0.7677 0.1429 0.0559 0.3305 0.9422
-1.8497 9.7683 4.4826 0.6673 0.1467 0.0559 0.3305 0.9422
-1.8341 9.8779 4.3538 0.5859 0.1295 0.1846 0.9646 0.1882
-3.7396 10.2269 4.4338 0.686 0.1337 0.1846 0.9646 0.1882
-1.8258 9.8576 4.4498 0.5853 0.1345 0.1846 0.9646 0.1882
-1.8663 9.8089 4.2904 0.2322 0.464 0.0876 0.6512 -0.7539
-3.7396 10.2269 4.4338 0.3302 0.448 0.0876 0.6512 -0.7539
-1.8341 9.8779 4.3538 0.2324 0.4691 0.0876 0.6512 -0.7539
-1.8901 9.7196 4.3232 0.6861 0.1224 -0.1406 -0.3074 -0.9411
-3.7396 10.2269 4.4338 0.5869 0.1205 -0.1406 -0.3074 -0.9411
-1.8663 9.8089 4.2904 0.6863 0.1174 -0.1406 -0.3074 -0.9411
-0.1635 8.9207 3.7522 0.9945 0.7061 0.888 -0.3768 -0.2636
-0.1143 9.0791 3.6913 0.9854 0.706 0.888 -0.3768 -0.2636
-0.0337 9.1939 3.7988 0.9809 0.698 0.888 -0.3768 -0.2636
-0.1635 8.9207 3.7522 0.9945 0.7061 0.888 -0.3768 -0.2636
-0.0023 9.1502 3.9671 0.9856 0.6901 0.888 -0.3768 -0.2636
-0.0514 8.9918 4.028 0.9948 0.6903 0.888 -0.3768 -0.2636
-1.2623 10.6467 6.6526 0.9229 0.0838 -0.7294 -0.4223 0.5382
-1.0153 11.2129 7.4317 0.8716 0.0822 -0.7294 -0.4223 0.5382
-1.3235 10.7185 6.626 0.9228 0.0787 -0.7294 -0.4223 0.5382
-1.168 10.6504 6.6262 0.9094 0.1295 0.1833 -0.8219 0.5392
-1.0153 11.2129 7.4317 0.9607 0.1329 0.1833 -0.8219 0.5392
-1.2623 10.6467 6.6526 0.9093 0.1345 0.1833 -0.8219 0.5392
-1.1349 10.7259 6.5732 0.7877 0.0168 0.9312 -0.3572 0.0729
-1.0153 11.2129 7.4317 0.8391 0.0193 0.9312 -0.3572 0.0729
-1.168 10.6504 6.6262 0.7877 0.0219 0.9312 -0.3572 0.0729
-1.1961 10.7976 6.5466 0.8052 0.0544 0.7663 0.5071 -0.3945
-1.0153 11.2129 7.4317 0.8564 0.0592 0.7663 0.5071 -0.3945
-1.1349 10.7259 6.5732 0.805 0.0595 0.7663 0.5071 -0.3945
-1.2904 10.7939 6.573 0.9208 0.0717 -0.1464 0.9067 -0.3955
-1.0153 11.2129 7.4317 0.8694 0.0716 -0.1464 0.9067 -0.3955
-1.1961 10.7976 6.5466 0.9206 0.0666 -0.1464 0.9067 -0.3955
-1.3235 10.7185 6.626 0.8041 0.0421 -0.8942 0.442 0.0708
-1.0153 11.2129 7.4317 0.8554 0.0446 -0.8942 0.442 0.0708
-1.2904 10.7939 6.573 0.8041 0.0472 -0.8942 0.442 0.0708
-1.3235 10.7185 6.626 0.0183 0.4402 -0.2162 -0.496 -0.841
-1.2904 10.7939 6.573 0.0183 0.4452 -0.2162 -0.496 -0.841
-1.1961 10.7976 6.5466 0.0139 0.4477 -0.2162 -0.496 -0.841
-1.3235 10.7185 6.626 0.0183 0.4402 -0.2162 -0.496 -0.841
-1.1349 10.7259 6.5732 0.0096 0.4452 -0.2162 -0.496 -0.841
-1.168 10.6504 6.6262 0.0096 0.4401 -0.2162 -0.496 -0.841
-0.3865 10.3131 5.026 0.897 0.0351 -0.7546 -0.2572 0.6037
-0.3598 10.2191 5.0193 0.8969 0.03 -0.7546 -0.2572 0.6037
0.1211 10.3103 5.6593 0.9386 0.0296 -0.7546 -0.2572 0.6037
-0.3598 10.2191 5.0193 0.8733 0.3916 -0.1412 -0.9597 0.2428
-0.2824 10.1939 4.9647 0.8745 0.3965 -0.1412 -0.9597 0.2428
0.2144 10.2881 5.6258 0.8326 0.4063 -0.1412 -0.9597 0.2428
-0.2824 10.1939 4.9647 0.9729 0.078 0.6134 -0.7025 -0.3609
-0.2317 10.2627 4.9168 0.973 0.0831 0.6134 -0.7025 -0.3609
0.2753 10.3589 5.5915 0.9291 0.0838 0.6134 -0.7025 -0.3609
-0.2317 10.2627 4.9168 0.5254 0.0201 0.7546 0.2572 -0.6037
-0.2585 10.3568 4.9235 0.5256 0.0251 0.7546 0.2572 -0.6037
0.2429 10.4518 5.5906 0.4822 0.0264 0.7546 0.2572 -0.6037
-0.2585 10.3568 4.9235 0.3238 0.0328 0.1412 0.9597 -0.2428
-0.3359 10.382 4.9781 0.324 0.0278 0.1412 0.9597 -0.2428
0.1496 10.474 5.6241 0.366 0.0293 0.1412 0.9597 -0.2428
-0.3359 10.382 4.9781 0.8493 0.022 -0.6134 0.7025 0.3609
-0.3865 10.3131 5.026 0.8494 0.017 -0.6134 0.7025 0.3609
0.0887 10.4032 5.6584 0.8906 0.0175 -0.6134 0.7025 0.3609
0.1211 10.3103 5.6593 0.3697 0.00980002 -0.9173 -0.3174 0.2407
0.2736 10.5134 6.5084 0.3238 0.00950003 -0.9173 -0.3174 0.2407
0.0887 10.4032 5.6584 0.3689 0.00480002 -0.9173 -0.3174 0.2407
0.2144 10.2881 5.6258 0.8326 0.4063 -0.1368 -0.9576 0.2536
0.2736 10.5134 6.5084 0.7883 0.3899 -0.1368 -0.9576 0.2536
0.1211 10.3103 5.6593 0.8328 0.401 -0.1368 -0.9576 0.2536
0.2753 10.3589 5.5915 0.9106 0.0595 0.7786 -0.6185 0.1057
0.2736 10.5134 6.5084 0.8625 0.0584 0.7786 -0.6185 0.1057
0.2144 10.2881 5.6258 0.9095 0.0545 0.7786 -0.6185 0.1057
0.2429 10.4518 5.5906 0.9743 0.0717 0.9431 0.3282 -0.0536
0.2736 10.5134 6.5084 0.927 0.0669 0.9431 0.3282 -0.0536
0.2753 10.3589 5.5915 0.975 0.0666 0.9431 0.3282 -0.0536
0.1496 10.474 5.6241 0.9076 0.0472 0.2061 0.9759 -0.0723
0.2736 10.5134 6.5084 0.8616 0.0431 0.2061 0.9759 -0.0723
0.2429 10.4518 5.5906 0.9092 0.0422 0.2061 0.9759 -0.0723
0.0887 10.4032 5.6584 0.7913 0.1032 -0.7381 0.6706 0.0737
0.2736 10.5134 6.5084 0.8365 0.107 -0.7381 0.6706 0.0737
0.1496 10.474 5.6241 0.7903 0.1083 -0.7381 0.6706 0.0737
-0.3865 10.3131 5.026 0.1136 0.4395 -0.5969 -0.1132 -0.7943
-0.3359 10.382 4.9781 0.1162 0.4439 -0.5969 -0.1132 -0.7943
-0.2585 10.3568 4.9235 0.1136 0.4483 -0.5969 -0.1132 -0.7943
-0.3865 10.3131 5.026 0.1136 0.4395 -0.5969 -0.1132 -0.7943
-0.2317 10.2627 4.9168 0.1085 0.4483 -0.5969 -0.1132 -0.7943
-0.2824 10.1939 4.9647 0.106 0.4439 -0.5969 -0.1132 -0.7943
0.9897 4.7757 0.5724 0.9451 0.7297 0.9153 -0.4028 -0.0041
0.8054 4.5181 0.1857 0.9427 0.7552 0.9153 -0.4028 -0.0041
1.5952 6.1761 -1.8408 0.8018 0.7649 0.9153 -0.4028 -0.0041
0.8054 4.5181 0.1857 0.2712 0.4753 0.0895 -0.8094 -0.5803
0.351 4.6916 0.0377 0.2705 0.5011 0.0895 -0.8094 -0.5803
1.3806 6.1687 -2.0278 0.1292 0.5083 0.0895 -0.8094 -0.5803
0.351 4.6916 0.0377 0.9206 0.5585 -0.8115 -0.2474 -0.5294
0.3616 5.2112 -0.0185 0.9047 0.5796 -0.8115 -0.2474 -0.5294
1.1804 6.3493 -2.0081 0.7791 0.5763 -0.8115 -0.2474 -0.5294
0.3616 5.2112 -0.0185 0.4006 0.4155 -0.8148 0.5777 0.0489
0.7535 5.5664 0.1279 0.3916 0.4419 -0.8148 0.5777 0.0489
1.1948 6.5372 -1.8014 0.2786 0.4286 -0.8148 0.5777 0.0489
0.7535 5.5664 0.1279 0.8404 0.6693 -0.0517 0.879 0.474
0.9764 5.281 0.5043 0.8648 0.6799 -0.0517 0.879 0.474
1.4094 6.5446 -1.6144 0.7381 0.7061 -0.0517 0.879 0.474
0.9764 5.281 0.5043 0.4286 0.5181 0.8638 0.2977 0.4066
0.9897 4.7757 0.5724 0.4475 0.5355 0.8638 0.2977 0.4066
1.6096 6.364 -1.6341 0.3041 0.5485 0.8638 0.2977 0.4066
1.6096 6.364 -1.6341 0.7018 0.3095 0.7478 -0.5195 0.4134
1.5952 6.1761 -1.8408 0.7057 0.3234 0.7478 -0.5195 0.4134
3.2966 7.9916 -2.6404 0.5706 0.3233 0.7478 -0.5195 0.4134
1.5952 6.1761 -1.8408 0.5441 0.6918 0.4847 -0.6901 -0.5375
1.3806 6.1687 -2.0278 0.5474 0.7061 0.4847 -0.6901 -0.5375
3.1586 8.0191 -2.7973 0.4098 0.6907 0.4847 -0.6901 -0.5375
1.3806 6.1687 -2.0278 0.0017 0.9426 -0.2477 -0.1583 -0.9558
1.1804 6.3493 -2.0081 0 0.9287 -0.2477 -0.1583 -0.9558
2.997 8.1523 -2.7752 0.1379 0.9217 -0.2477 -0.1583 -0.9558
1.1804 6.3493 -2.0081 0.9385 0.8959 -0.7201 0.5437 -0.4311
1.1948 6.5372 -1.8014 0.9348 0.9098 -0.7201 0.5437 -0.4311
2.9735 8.2581 -2.5963 0.8004 0.9097 -0.7201 0.5437 -0.4311
1.1948 6.5372 -1.8014 0.1292 0.5783 -0.4634 0.7194 0.5174
1.4094 6.5446 -1.6144 0.1327 0.564 -0.4634 0.7194 0.5174
3.1115 8.2306 -2.4394 0.2633 0.5546 -0.4634 0.7194 0.5174
1.4094 6.5446 -1.6144 0 0.8538 0.2722 0.1881 0.9437
1.6096 6.364 -1.6341 0.0018 0.8399 0.2722 0.1881 0.9437
3.273 8.0973 -2.4615 0.1327 0.8497 0.2722 0.1881 0.9437
3.273 8.0973 -2.4615 0.7789 0.3489 0.9057 -0.3046 0.2948
3.2966 7.9916 -2.6404 0.7798 0.3597 0.9057 -0.3046 0.2948
4.1065 9.6153 -3.4543 0.6771 0.3658 0.9057 -0.3046 0.2948
3.2966 7.9916 -2.6404 0.4096 0.6798 0.5598 -0.5772 -0.5946
3.1586 8.0191 -2.7973 0.4098 0.6907 0.5598 -0.5772 -0.5946
4.0359 9.6423 -3.5467 0.3087 0.7027 0.5598 -0.5772 -0.5946
3.1586 8.0191 -2.7973 0.1398 0.9324 -0.3262 -0.2452 -0.9129
2.997 8.1523 -2.7752 0.1379 0.9217 -0.3262 -0.2452 -0.9129
3.9577 9.7362 -3.5441 0.2371 0.8943 -0.3262 -0.2452 -0.9129
2.997 8.1523 -2.7752 0.7861 0.2859 -0.8695 0.3673 -0.3302
2.9735 8.2581 -2.5963 0.7858 0.2751 -0.8695 0.3673 -0.3302
3.9501 9.803 -3.4491 0.89 0.2754 -0.8695 0.3673 -0.3302
2.9735 8.2581 -2.5963 0.2629 0.5655 -0.5143 0.6405 0.5703
3.1115 8.2306 -2.4394 0.2633 0.5546 -0.5143 0.6405 0.5703
4.0207 9.776 -3.3566 0.3651 0.5734 -0.5143 0.6405 0.5703
3.1115 8.2306 -2.4394 0.1308 0.8604 0.375 0.3006 0.8769
3.273 8.0973 -2.4615 0.1327 0.8497 0.375 0.3006 0.8769
4.0989 9.6821 -3.3592 0.2295 0.8818 0.375 0.3006 0.8769
4.0989 9.6821 -3.3592 0.593 0.8473 0.443 -0.7039 0.5552
4.1065 9.6153 -3.4543 0.5935 0.8413 0.443 -0.7039 0.5552
6.1355 10.4 -4.0741 0.7105 0.8421 0.443 -0.7039 0.5552
4.1065 9.6153 -3.4543 0.1292 0.5216 0.2199 -0.8889 -0.4018
4.0359 9.6423 -3.5467 0.1292 0.5155 0.2199 -0.8889 -0.4018
6.0498 10.4166 -4.1635 0.2421 0.5421 0.2199 -0.8889 -0.4018
4.0359 9.6423 -3.5467 0.2369 0.9006 -0.2232 -0.185 -0.9571
3.9577 9.7362 -3.5441 0.2371 0.8943 -0.2232 -0.185 -0.9571
5.9803 10.5133 -4.1685 0.3467 0.9339 -0.2232 -0.185 -0.9571
3.9577 9.7362 -3.5441 0.9876 0.6481 -0.443 0.7039 -0.5552
3.9501 9.803 -3.4491 0.9886 0.654 -0.443 0.7039 -0.5552
5.9964 10.5935 -4.084 0.8709 0.6637 -0.443 0.7039 -0.5552
3.9501 9.803 -3.4491 0.5535 0.7058 -0.2199 0.8889 0.4018
4.0207 9.776 -3.3566 0.5536 0.6996 -0.2199 0.8889 0.4018
6.0821 10.5769 -3.9946 0.6694 0.6725 -0.2199 0.8889 0.4018
4.0207 9.776 -3.3566 0.2297 0.8881 0.2232 0.185 0.9571
4.0989 9.6821 -3.3592 0.2295 0.8818 0.2232 0.185 0.9571
6.1516 10.4802 -3.9896 0.341 0.8423 0.2232 0.185 0.9571
6.1355 10.4 -4.0741 0.7875 0.1165 0.938 -0.3225 0.1271
6.498 11.0933 -4.9898 0.8496 0.1216 0.938 -0.3225 0.1271
6.1516 10.4802 -3.9896 0.7863 0.1224 0.938 -0.3225 0.1271
6.0498 10.4166 -4.1635 0.2421 0.5421 0.342 -0.8094 -0.4775
6.498 11.0933 -4.9898 0.2944 0.5144 0.342 -0.8094 -0.4775
6.1355 10.4 -4.0741 0.243 0.5485 0.342 -0.8094 -0.4775
5.9803 10.5133 -4.1685 0.9347 0.1407 -0.5771 -0.45 -0.6815
6.498 11.0933 -4.9898 0.9931 0.1446 -0.5771 -0.45 -0.6815
6.0498 10.4166 -4.1635 0.9332 0.1467 -0.5771 -0.45 -0.6815
5.9964 10.5935 -4.084 0.669 0.0453 -0.8689 0.4311 -0.2432
6.498 11.0933 -4.9898 0.6096 0.0437 -0.8689 0.4311 -0.2432
5.9803 10.5133 -4.1685 0.6679 0.0393 -0.8689 0.4311 -0.2432
6.0821 10.5769 -3.9946 0.6694 0.6725 -0.2184 0.9005 0.376
6.498 11.0933 -4.9898 0.7213 0.7061 -0.2184 0.9005 0.376
5.9964 10.5935 -4.084 0.6685 0.6789 -0.2184 0.9005 0.376
6.1516 10.4802 -3.9896 0.9845 0.1942 0.6682 0.5084 0.5431
6.498 11.0933 -4.9898 0.9213 0.1919 0.6682 0.5084 0.5431
6.0821 10.5769 -3.9946 0.983 0.1882 0.6682 0.5084 0.5431
1.5984 6.5219 -1.8852 0.8049 0.4769 0.8019 0.2112 -0.5589
1.5729 6.2844 -2.0107 0.8078 0.4905 0.8019 0.2112 -0.5589
0.5261 7.0634 -3.219 0.7176 0.5083 0.8019 0.2112 -0.5589
1.5729 6.2844 -2.0107 0.2956 0.6462 0.3169 -0.649 -0.6916
1.3695 6.1192 -1.9465 0.3025 0.6583 0.3169 -0.649 -0.6916
0.2914 6.9801 -3.2507 0.2168 0.7061 0.3169 -0.649 -0.6916
1.3695 6.1192 -1.9465 0.0986 0.3289 -0.4999 -0.8532 -0.1492
1.1916 6.1914 -1.757 0.101 0.3426 -0.4999 -0.8532 -0.1492
0.0989 7.0748 -3.1537 0 0.3594 -0.4999 -0.8532 -0.1492
1.1916 6.1914 -1.757 0.342 0.3743 -0.8279 -0.1882 0.5284
1.2172 6.4289 -1.6315 0.3447 0.388 -0.8279 -0.1882 0.5284
0.1412 7.2526 -3.0249 0.2459 0.4063 -0.8279 -0.1882 0.5284
1.2172 6.4289 -1.6315 0.097 0.4544 -0.3346 0.6758 0.6568
1.4205 6.5941 -1.6956 0.1005 0.4679 -0.3346 0.6758 0.6568
0.3759 7.3358 -2.9933 0.0088 0.49 -0.3346 0.6758 0.6568
1.4205 6.5941 -1.6956 0.9995 0.4275 0.4787 0.8709 0.1116
1.5984 6.5219 -1.8852 0.9998 0.4414 0.4787 0.8709 0.1116
0.5684 7.2412 -3.0903 0.9098 0.4419 0.4787 0.8709 0.1116
0.5684 7.2412 -3.0903 0.9775 0.3755 0.9291 -0.3392 0.1475
0.5261 7.0634 -3.219 0.9796 0.3868 0.9291 -0.3392 0.1475
1.1709 8.2837 -4.4879 0.8827 0.3856 0.9291 -0.3392 0.1475
0.5261 7.0634 -3.219 0.2165 0.6932 0.336 -0.7577 -0.5595
0.2914 6.9801 -3.2507 0.2168 0.7061 0.336 -0.7577 -0.5595
1.0578 8.2624 -4.5235 0.1292 0.6573 0.336 -0.7577 -0.5595
0.2914 6.9801 -3.2507 0.3318 0.3348 -0.5688 -0.3814 -0.7288
0.0989 7.0748 -3.1537 0.3385 0.345 -0.5688 -0.3814 -0.7288
0.9616 8.3181 -4.4739 0.2368 0.3658 -0.5688 -0.3814 -0.7288
0.0989 7.0748 -3.1537 0.446 0.3373 -0.894 0.391 -0.2187
0.1412 7.2526 -3.0249 0.4463 0.3489 -0.894 0.391 -0.2187
0.9784 8.3951 -4.3887 0.346 0.3658 -0.894 0.391 -0.2187
0.1412 7.2526 -3.0249 0.7792 0.3312 -0.3363 0.8144 0.473
0.3759 7.3358 -2.9933 0.7732 0.3427 -0.3363 0.8144 0.473
1.0915 8.4164 -4.353 0.6761 0.3423 -0.3363 0.8144 0.473
0.3759 7.3358 -2.9933 0.9212 0.295 0.5809 0.4617 0.6703
0.5684 7.2412 -3.0903 0.9172 0.3065 0.5809 0.4617 0.6703
1.1877 8.3607 -4.4026 0.8225 0.3063 0.5809 0.4617 0.6703
1.1709 8.2837 -4.4879 0.7917 0.4136 0.9428 0.1326 -0.3058
0.6152 9.7837 -5.551 0.8909 0.4165 0.9428 0.1326 -0.3058
1.1877 8.3607 -4.4026 0.7919 0.4196 0.9428 0.1326 -0.3058
1.0578 8.2624 -4.5235 0.9135 0.1942 0.3446 -0.4545 -0.8214
0.6152 9.7837 -5.551 0.8159 0.1907 0.3446 -0.4545 -0.8214
1.1709 8.2837 -4.4879 0.9152 0.1882 0.3446 -0.4545 -0.8214
0.9616 8.3181 -4.4739 0.4835 0.1286 -0.6118 -0.5572 -0.5614
0.6152 9.7837 -5.551 0.5791 0.1335 -0.6118 -0.5572 -0.5614
1.0578 8.2624 -4.5235 0.4815 0.1345 -0.6118 -0.5572 -0.5614
0.9784 8.3951 -4.3887 0.997 0.1772 -0.9695 -0.0533 0.2394
0.6152 9.7837 -5.551 0.9017 0.1721 -0.9695 -0.0533 0.2394
0.9616 8.3181 -4.4739 0.9974 0.1712 -0.9695 -0.0533 0.2394
1.0915 8.4164 -4.353 0.76 0.156 -0.3437 0.5482 0.7624
0.6152 9.7837 -5.551 0.8571 0.1577 -0.3437 0.5482 0.7624
0.9784 8.3951 -4.3887 0.7617 0.162 -0.3437 0.5482 0.7624
1.1877 8.3607 -4.4026 0.6608 0.1467 0.6113 0.6312 0.4774
0.6152 9.7837 -5.551 0.5618 0.1452 0.6113 0.6312 0.4774
1.0915 8.4164 -4.353 0.6589 0.1407 0.6113 0.6312 0.4774
1.5984 6.5219 -1.8852 0.2956 0.2243 0.5705 -0.4307 0.6993
1.4205 6.5941 -1.6956 0.3095 0.2242 0.5705 -0.4307 0.6993
1.2172 6.4289 -1.6315 0.3166 0.2362 0.5705 -0.4307 0.6993
1.5984 6.5219 -1.8852 0.2956 0.2243 0.5705 -0.4307 0.6993
1.1916 6.1914 -1.757 0.3097 0.2484 0.5705 -0.4307 0.6993
1.3695 6.1192 -1.9465 0.2958 0.2485 0.5705 -0.4307 0.6993
3.1318 7.997 -2.4528 0.6534 0.3317 0.3439 -0.8092 0.4764
3.254 7.9528 -2.6167 0.6537 0.3425 0.3439 -0.8092 0.4764
4.9635 9.257 -1.635 0.5315 0.3433 0.3439 -0.8092 0.4764
3.254 7.9528 -2.6167 0.6343 0.8016 0.6905 -0.5801 -0.4321
3.2572 8.0806 -2.7823 0.6331 0.7909 0.6905 -0.5801 -0.4321
4.9778 9.3366 -1.7199 0.7555 0.779 0.6905 -0.5801 -0.4321
3.2572 8.0806 -2.7823 0.4226 0.303 0.3715 0.2478 -0.8947
3.1383 8.2527 -2.7839 0.4224 0.2921 0.3715 0.2478 -0.8947
4.9152 9.4344 -1.7189 0.5457 0.2923 0.3715 0.2478 -0.8947
3.1383 8.2527 -2.7839 0.9091 0.355 -0.2946 0.8451 -0.446
3.0161 8.2969 -2.62 0.9092 0.3658 -0.2946 0.8451 -0.446
4.8383 9.4526 -1.6331 0.7866 0.3641 -0.2946 0.8451 -0.446
3.0161 8.2969 -2.62 0.5225 0.6261 -0.6397 0.6133 0.4633
3.0128 8.1691 -2.4544 0.5214 0.6369 -0.6397 0.6133 0.4633
4.8241 9.373 -1.5482 0.4006 0.6218 -0.6397 0.6133 0.4633
3.0128 8.1691 -2.4544 0.8225 0.3234 -0.3201 -0.2131 0.9231
3.1318 7.997 -2.4528 0.8227 0.3126 -0.3201 -0.2131 0.9231
4.8867 9.2752 -1.5492 0.9441 0.3174 -0.3201 -0.2131 0.9231
4.9635 9.257 -1.635 0.8077 0.1942 0.2032 -0.905 0.3738
6.4097 10.2006 -0.1365 0.6896 0.1922 0.2032 -0.905 0.3738
4.8867 9.2752 -1.5492 0.8071 0.1882 0.2032 -0.905 0.3738
4.9778 9.3366 -1.7199 0.7555 0.779 0.749 -0.5415 -0.3818
6.4097 10.2006 -0.1365 0.8719 0.802 0.749 -0.5415 -0.3818
4.9635 9.257 -1.635 0.7554 0.7851 0.749 -0.5415 -0.3818
4.9152 9.4344 -1.7189 0.6658 0.1772 0.5759 0.376 -0.7259
6.4097 10.2006 -0.1365 0.5466 0.1728 0.5759 0.376 -0.7259
4.9778 9.3366 -1.7199 0.6656 0.1712 0.5759 0.376 -0.7259
4.8383 9.4526 -1.6331 0.7631 0.2128 -0.1385 0.9364 -0.3225
6.4097 10.2006 -0.1365 0.8816 0.2179 -0.1385 0.9364 -0.3225
4.9152 9.4344 -1.7189 0.7624 0.2188 -0.1385 0.9364 -0.3225
4.8241 9.373 -1.5482 0.4006 0.6218 -0.6883 0.5833 0.4312
6.4097 10.2006 -0.1365 0.2845 0.6401 -0.6883 0.5833 0.4312
4.8383 9.4526 -1.6331 0.4003 0.6157 -0.6883 0.5833 0.4312
4.8867 9.2752 -1.5492 0.6723 0.1712 -0.5198 -0.3406 0.7835
6.4097 10.2006 -0.1365 0.7897 0.1771 -0.5198 -0.3406 0.7835
4.8241 9.373 -1.5482 0.6719 0.1772 -0.5198 -0.3406 0.7835
3.1318 7.997 -2.4528 0.4977 0.0786 -0.7462 -0.5197 -0.4159
3.0128 8.1691 -2.4544 0.4869 0.0785 -0.7462 -0.5197 -0.4159
3.0161 8.2969 -2.62 0.4815 0.0691 -0.7462 -0.5197 -0.4159
3.1318 7.997 -2.4528 0.4977 0.0786 -0.7462 -0.5197 -0.4159
3.1383 8.2527 -2.7839 0.487 0.0598 -0.7462 -0.5197 -0.4159
3.2572 8.0806 -2.7823 0.4978 0.0599 -0.7462 -0.5197 -0.4159
6.1506 10.4182 -4.0903 0.8557 0.1164 0.948 -0.2756 0.1592
6.498 11.0933 -4.9898 0.9165 0.1185 0.948 -0.2756 0.1592
6.1661 10.5109 -4.0223 0.8558 0.1224 0.948 -0.2756 0.1592
6.0504 10.4041 -4.1471 0.7563 0.0971 0.3744 -0.8052 -0.4598
6.498 11.0933 -4.9898 0.6958 0.0913 0.3744 -0.8052 -0.4598
6.1506 10.4182 -4.0903 0.7566 0.0911 0.3744 -0.8052 -0.4598
5.9658 10.4826 -4.1359 0.6289 0.0911 -0.542 -0.4861 -0.6855
6.498 11.0933 -4.9898 0.6896 0.0952 -0.542 -0.4861 -0.6855
6.0504 10.4041 -4.1471 0.6288 0.0971 -0.542 -0.4861 -0.6855
5.9813 10.5753 -4.0678 0.7374 0.0838 -0.885 0.3626 -0.2921
6.498 11.0933 -4.9898 0.6766 0.0837 -0.885 0.3626 -0.2921
5.9658 10.4826 -4.1359 0.7371 0.0778 -0.885 0.3626 -0.2921
6.0815 10.5894 -4.011 0.6096 0.0657 -0.3114 0.8923 0.3269
6.498 11.0933 -4.9898 0.6705 0.0658 -0.3114 0.8923 0.3269
5.9813 10.5753 -4.0678 0.6099 0.0717 -0.3114 0.8923 0.3269
6.1661 10.5109 -4.0223 0.6096 0.0515 0.6051 0.5732 0.5526
6.498 11.0933 -4.9898 0.6704 0.0545 0.6051 0.5732 0.5526
6.0815 10.5894 -4.011 0.6096 0.0575 0.6051 0.5732 0.5526
6.1661 10.5109 -4.0223 0.5737 0.9605 -0.3688 -0.5093 0.7775
6.0815 10.5894 -4.011 0.5737 0.9545 -0.3688 -0.5093 0.7775
5.9813 10.5753 -4.0678 0.5789 0.9515 -0.3688 -0.5093 0.7775
6.1661 10.5109 -4.0223 0.5737 0.9605 -0.3688 -0.5093 0.7775
5.9658 10.4826 -4.1359 0.5841 0.9545 -0.3688 -0.5093 0.7775
6.0504 10.4041 -4.1471 0.5841 0.9605 -0.3688 -0.5093 0.7775
4.133 9.7561 -3.4346 0.324 0.0614 0.9872 -0.1048 0.1205
4.122 9.6411 -3.4445 0.3238 0.0554 0.9872 -0.1048 0.1205
4.2445 9.7099 -4.3879 0.3731 0.054 0.9872 -0.1048 0.1205
4.122 9.6411 -3.4445 0.0014 0.2264 0.4113 -0.9114 -0.0131
4.0173 9.5941 -3.4615 0 0.2205 0.4113 -0.9114 -0.0131
4.1438 9.6652 -4.4361 0.0495 0.2085 0.4113 -0.9114 -0.0131
4.0173 9.5941 -3.4615 0.5903 0.0192 -0.5758 -0.8066 -0.1336
3.9236 9.6621 -3.4687 0.5902 0.0252 -0.5758 -0.8066 -0.1336
4.0527 9.7347 -4.4633 0.5382 0.024 -0.5758 -0.8066 -0.1336
3.9236 9.6621 -3.4687 0.983 0.7132 -0.9872 0.1048 -0.1205
3.9347 9.7772 -3.4589 0.9836 0.7192 -0.9872 0.1048 -0.1205
4.0623 9.849 -4.4423 0.9324 0.7235 -0.9872 0.1048 -0.1205
3.9347 9.7772 -3.4589 0.2779 0.0179 -0.4113 0.9114 0.0131
4.0393 9.8242 -3.4418 0.2788 0.0239 -0.4113 0.9114 0.0131
4.163 9.8937 -4.3941 0.2295 0.0312 -0.4113 0.9114 0.0131
4.0393 9.8242 -3.4418 0.1105 0.2346 0.5758 0.8066 0.1336
4.133 9.7561 -3.4346 0.1109 0.2405 0.5758 0.8066 0.1336
4.254 9.8242 -4.3669 0.0623 0.2436 0.5758 0.8066 0.1336
4.2445 9.7099 -4.3879 0.7437 0.0412 0.8533 -0.1625 0.4955
4.7916 9.9824 -5.2406 0.798 0.042 0.8533 -0.1625 0.4955
4.254 9.8242 -4.3669 0.7446 0.0472 0.8533 -0.1625 0.4955
4.1438 9.6652 -4.4361 0.0495 0.2085 0.4156 -0.9092 -0.024
4.7916 9.9824 -5.2406 0.102 0.2275 0.4156 -0.9092 -0.024
4.2445 9.7099 -4.3879 0.0493 0.2148 0.4156 -0.9092 -0.024
4.0527 9.7347 -4.4633 0.9032 0.1345 -0.3743 -0.7194 -0.5851
4.7916 9.9824 -5.2406 0.8463 0.1337 -0.3743 -0.7194 -0.5851
4.1438 9.6652 -4.4361 0.9019 0.1286 -0.3743 -0.7194 -0.5851
4.0623 9.849 -4.4423 0.944 0.0971 -0.741 0.1808 -0.6467
4.7916 9.9824 -5.2406 0.8879 0.0914 -0.741 0.1808 -0.6467
4.0527 9.7347 -4.4633 0.9448 0.0911 -0.741 0.1808 -0.6467
4.163 9.8937 -4.3941 0.7969 0.0595 -0.3387 0.9282 -0.1542
4.7916 9.9824 -5.2406 0.7425 0.0541 -0.3387 0.9282 -0.1542
4.0623 9.849 -4.4423 0.7988 0.0536 -0.3387 0.9282 -0.1542
4.254 9.8242 -4.3669 0.8098 0.0657 0.4649 0.7759 0.4265
4.7916 9.9824 -5.2406 0.8633 0.0702 0.4649 0.7759 0.4265
4.163 9.8937 -4.3941 0.8086 0.0717 0.4649 0.7759 0.4265
4.133 9.7561 -3.4346 0.1185 0.4847 -0.1284 -0.0722 0.9891
4.0393 9.8242 -3.4418 0.1156 0.4899 -0.1284 -0.0722 0.9891
3.9347 9.7772 -3.4589 0.1096 0.49 -0.1284 -0.0722 0.9891
4.133 9.7561 -3.4346 0.1185 0.4847 -0.1284 -0.0722 0.9891
3.9236 9.6621 -3.4687 0.1066 0.4848 -0.1284 -0.0722 0.9891
4.0173 9.5941 -3.4615 0.1095 0.4796 -0.1284 -0.0722 0.9891
-3.1513 12.515 1.1107 0.8303 0.9638 -0.7328 -0.4226 -0.5333
-3.485 12.7547 1.3793 0.8049 0.9622 -0.7328 -0.4226 -0.5333
-3.1515 12.5531 1.0808 0.8303 0.9613 -0.7328 -0.4226 -0.5333
-3.1414 12.5654 1.0854 0.0044 0.4376 0.7406 -0.4123 -0.5306
-3.1454 12.5154 1.1186 0.0075 0.4377 0.7406 -0.4123 -0.5306
-3.1513 12.515 1.1107 0.0073 0.4381 0.7406 -0.4123 -0.5306
-3.1188 12.5904 1.0983 0.46 0.639 -0.3476 -0.9331 0.0925
-3.485 12.7547 1.3793 0.4853 0.639 -0.3476 -0.9331 0.0925
-3.1235 12.5914 1.0902 0.46 0.6395 -0.3476 -0.9331 0.0925
-0.2759 2.9668 0.0976 0.6545 0.6221 0.5236 0.1102 -0.8448
-0.2205 3.3702 0.1846 0.6437 0.6036 0.5236 0.1102 -0.8448
0.1419 3.0822 0.3716 0.6693 0.6003 0.5236 0.1102 -0.8448
-0.9379 3.0484 0.7945 0.3302 0.0971 -0.9437 0.1737 0.2814
-0.7527 3.2055 1.3185 0.352 0.1175 -0.9437 0.1737 0.2814
-0.8486 3.4542 0.8435 0.3238 0.1178 -0.9437 0.1737 0.2814
0.9764 5.281 0.5043 0.0462 0.0242 0.9839 0.0491 0.1721
0.912 5.0514 0.9381 0.0612 0.00349998 0.9839 0.0491 0.1721
0.9897 4.7757 0.5724 0.0725 0.0247 0.9839 0.0491 0.1721
0.351 4.6916 0.0377 0.0251 0.4132 -0.4757 -0.0851 -0.8755
0.0287 4.9437 0.1884 0.0206 0.4353 -0.4757 -0.0851 -0.8755
0.3616 5.2112 -0.0185 0 0.4223 -0.4757 -0.0851 -0.8755
0.1374 7.0283 -0.1618 0.7806 0.5923 0.8769 0.2858 -0.3865
-0.4788 8.4903 -0.4515 0.8639 0.5953 0.8769 0.2858 -0.3865
-0.344 8.4744 -0.1847 0.8575 0.6093 0.8769 0.2858 -0.3865
-0.1977 6.8512 -0.2903 0.3993 0.671 0.3699 -0.0279 -0.9286
-0.7571 8.4912 -0.562 0.3087 0.6683 0.3699 -0.0279 -0.9286
-0.4788 8.4903 -0.4515 0.3146 0.654 0.3699 -0.0279 -0.9286
-1.016 8.4766 -0.4517 0.6755 0.6367 -0.358 -0.269 -0.8941
-0.7571 8.4912 -0.562 0.6778 0.6223 -0.358 -0.269 -0.8941
-0.1977 6.8512 -0.2903 0.7684 0.6199 -0.358 -0.269 -0.8941
-1.1039 8.4551 -0.1851 0.4683 0.4916 -0.8949 -0.3224 -0.3087
-1.016 8.4766 -0.4517 0.4706 0.506 -0.8949 -0.3224 -0.3087
-0.4937 6.7102 -0.1317 0.3739 0.5071 -0.8949 -0.3224 -0.3087
-0.9691 8.4392 0.0816 0.5858 0.5776 -0.8805 -0.1531 0.4486
-1.1039 8.4551 -0.1851 0.5798 0.5634 -0.8805 -0.1531 0.4486
-0.614 6.7382 0.1982 0.6741 0.5605 -0.8805 -0.1531 0.4486
-0.6908 8.4383 0.1922 0.9019 0.9943 -0.3572 0.1309 0.9248
-0.9691 8.4392 0.0816 0.8962 0.9799 -0.3572 0.1309 0.9248
-0.4489 6.7621 0.5228 0.9898 0.9791 -0.3572 0.1309 0.9248
-0.2924 6.7647 0.5799 0.9928 0.9871 -0.4534 0.0973 0.886
-0.1797 7.1281 0.5976 0.9774 0.9994 -0.4534 0.0973 0.886
-0.6908 8.4383 0.1922 0.9019 0.9943 -0.4534 0.0973 0.886
-0.4318 8.4528 0.0819 0.305 0.1313 0.3576 0.3971 0.8452
-0.6908 8.4383 0.1922 0.308 0.1455 0.3576 0.3971 0.8452
-0.1797 7.1281 0.5976 0.2324 0.1487 0.3576 0.3971 0.8452
0.3162 6.8777 0.1598 0.6911 0.3876 0.8736 0.4265 0.2342
-0.344 8.4744 -0.1847 0.7822 0.39 0.8736 0.4265 0.2342
-0.4318 8.4528 0.0819 0.7798 0.4043 0.8736 0.4265 0.2342
0.3162 6.8777 0.1598 0.6911 0.3876 0.9142 0.2753 0.2974
0.1476 7.1131 0.4601 0.7019 0.4063 0.9142 0.2753 0.2974
0.2822 6.8215 0.3163 0.6874 0.3955 0.9142 0.2753 0.2974
-0.1301 10.9945 0.718 0.5 0.2409 -0.9008 0.0561 0.4306
-0.1112 10.889 0.7711 0.4938 0.2408 -0.9008 0.0561 0.4306
-0.0526 10.8915 0.8935 0.4907 0.2345 -0.9008 0.0561 0.4306
-3.1349 12.5161 1.1348 0.3778 0.7058 0.4056 0.8729 -0.2712
-3.485 12.7547 1.3793 0.3526 0.7056 0.4056 0.8729 -0.2712
-3.123 12.5153 1.15 0.3779 0.7048 0.4056 0.8729 -0.2712
-3.485 12.7547 1.3793 0.3505 0.7052 0.3476 0.9331 -0.0925
-3.1188 12.5904 1.0983 0.3252 0.7053 0.3476 0.9331 -0.0925
-3.1235 12.5914 1.0902 0.3251 0.7048 0.3476 0.9331 -0.0925
-3.1349 12.5161 1.1348 0.4052 0.7048 -0.4056 -0.8729 0.2712
-3.123 12.5153 1.15 0.4053 0.7058 -0.4056 -0.8729 0.2712
-3.485 12.7547 1.3793 0.38 0.705 -0.4056 -0.8729 0.2712
-3.1414 12.5654 1.0854 0.4299 0.639 -0.3376 0.5608 -0.756
-3.1515 12.5531 1.0808 0.4299 0.6398 -0.3376 0.5608 -0.756
-3.485 12.7547 1.3793 0.4045 0.6397 -0.3376 0.5608 -0.756
-0.7218 11.1295 1.2339 0.5289 0.0341 -0.5607 -0.8089 -0.1768
-0.7693 11.1205 1.1254 0.5269 0.0392 -0.5607 -0.8089 -0.1768
-0.1276 10.8599 0.583 0.4815 0.0394 -0.5607 -0.8089 -0.1768
-0.7513 11.2 1.0419 0.5931 0.00400001 -0.4069 -0.6205 -0.6703
-0.7693 11.1205 1.1254 0.5945 0.00980002 -0.4069 -0.6205 -0.6703
-1.6678 11.737 1.101 0.5382 0.00809997 -0.4069 -0.6205 -0.6703
-0.7693 11.1205 1.1254 0.812 0.2958 -0.5443 -0.7801 0.3085
-0.7218 11.1295 1.2339 0.8135 0.3017 -0.5443 -0.7801 0.3085
-1.6459 11.7554 1.1841 0.7559 0.2969 -0.5443 -0.7801 0.3085
-0.7218 11.1295 1.2339 0.5526 0.4233 -0.1553 -0.1502 0.9764
-0.6563 11.2178 1.2588 0.5533 0.4291 -0.1553 -0.1502 0.9764
-1.5911 11.8217 1.2021 0.4957 0.4311 -0.1553 -0.1502 0.9764
-0.6563 11.2178 1.2588 0.7364 0.0537 0.3708 0.6391 0.6739
-0.6384 11.2972 1.1753 0.7347 0.0595 0.3708 0.6391 0.6739
-1.5582 11.8695 1.137 0.6787 0.0578 0.3708 0.6391 0.6739
-0.6384 11.2972 1.1753 0.8963 0.3468 0.512 0.8048 -0.3003
-0.6859 11.2883 1.0668 0.8977 0.3408 0.512 0.8048 -0.3003
-1.5801 11.8511 1.0539 0.9521 0.3358 0.512 0.8048 -0.3003
-0.6859 11.2883 1.0668 0.8748 0.5398 0.1234 0.1751 -0.9768
-0.7513 11.2 1.0419 0.8742 0.5456 0.1234 0.1751 -0.9768
-1.6349 11.7848 1.0359 0.8195 0.543 0.1234 0.1751 -0.9768
-1.6349 11.7848 1.0359 0.3204 0.4756 -0.6333 -0.4392 -0.6372
-1.6678 11.737 1.101 0.3204 0.4801 -0.6333 -0.4392 -0.6372
-2.224 12.3359 1.2415 0.2776 0.4797 -0.6333 -0.4392 -0.6372
-1.6678 11.737 1.101 0.7557 0.2923 -0.654 -0.6834 0.3244
-1.6459 11.7554 1.1841 0.7559 0.2969 -0.654 -0.6834 0.3244
-2.2158 12.3505 1.2884 0.7139 0.303 -0.654 -0.6834 0.3244
-1.6459 11.7554 1.1841 0.495 0.4266 -0.0528 -0.2213 0.9738
-1.5911 11.8217 1.2021 0.4957 0.4311 -0.0528 -0.2213 0.9738
-2.1927 12.3945 1.2997 0.4542 0.4419 -0.0528 -0.2213 0.9738
-1.5911 11.8217 1.2021 0.5562 0.9924 0.5757 0.4937 0.6518
-1.5582 11.8695 1.137 0.5563 0.997 0.5757 0.4937 0.6518
-2.1778 12.4239 1.2641 0.5128 0.9966 0.5757 0.4937 0.6518
-1.5582 11.8695 1.137 0.952 0.3403 0.5927 0.7374 -0.324
-1.5801 11.8511 1.0539 0.9521 0.3358 0.5927 0.7374 -0.324
-2.186 12.4094 1.2172 0.9947 0.3428 0.5927 0.7374 -0.324
-1.5801 11.8511 1.0539 0.8202 0.5385 -0.015 0.2665 -0.9637
-1.6349 11.7848 1.0359 0.8195 0.543 -0.015 0.2665 -0.9637
-2.2091 12.3654 1.2059 0.7788 0.5307 -0.015 0.2665 -0.9637
-2.2091 12.3654 1.2059 0.4292 0 -0.0449 -0.7466 -0.6638
-2.224 12.3359 1.2415 0.4292 0.0025 -0.0449 -0.7466 -0.6638
-3.1416 12.5089 1.1075 0.3806 0.00629997 -0.0449 -0.7466 -0.6638
-2.1778 12.4239 1.2641 0.2248 0.8444 0.0412 0.7332 0.6787
-3.1049 12.5978 1.1327 0.1756 0.8461 0.0412 0.7332 0.6787
-3.1049 12.5943 1.1363 0.1757 0.8458 0.0412 0.7332 0.6787
-2.1778 12.4239 1.2641 0.2248 0.8444 0.0484 0.7598 0.6484
-3.1082 12.5647 1.1687 0.1759 0.8435 0.0484 0.7598 0.6484
-2.1927 12.3945 1.2997 0.2245 0.8419 0.0484 0.7598 0.6484
-2.186 12.4094 1.2172 0.7787 0.5281 0.1733 0.1807 -0.9682
-2.2091 12.3654 1.2059 0.7788 0.5307 0.1733 0.1807 -0.9682
-3.1383 12.542 1.0715 0.7328 0.5485 0.1733 0.1807 -0.9682
-3.134 12.5161 1.1356 0.9493 0.2938 -0.3675 -0.8717 0.3241
-3.485 12.7547 1.3793 0.9273 0.3063 -0.3675 -0.8717 0.3241
-3.1416 12.5089 1.1075 0.9492 0.2923 -0.3675 -0.8717 0.3241
-3.1266 12.5202 1.1561 0.6999 0.9525 0.3022 -0.3731 0.8772
-3.1082 12.5647 1.1687 0.7006 0.9501 0.3022 -0.3731 0.8772
-3.485 12.7547 1.3793 0.7249 0.9517 0.3022 -0.3731 0.8772
-3.1049 12.5943 1.1363 0.7398 0.8333 0.5981 0.5805 0.5525
-3.1049 12.5978 1.1327 0.7398 0.833 0.5981 0.5805 0.5525
-3.485 12.7547 1.3793 0.7646 0.8334 0.5981 0.5805 0.5525
-3.1049 12.5978 1.1327 0.275 0.0927 0.2182 0.926 -0.3082
-2.1778 12.4239 1.2641 0.227 0.1036 0.2182 0.926 -0.3082
-2.186 12.4094 1.2172 0.2271 0.1011 0.2182 0.926 -0.3082
-3.1191 12.5904 1.0978 0.2755 0.0908 0.2174 0.9345 -0.2819
-2.186 12.4094 1.2172 0.2271 0.1011 0.2174 0.9345 -0.2819
-3.1199 12.5865 1.0841 0.2754 0.09 0.2174 0.9345 -0.2819
-3.1414 12.5654 1.0854 0.9044 0.5905 -0.4514 0.4105 -0.7923
-3.485 12.7547 1.3793 0.879 0.5914 -0.4514 0.4105 -0.7923
-3.1199 12.5865 1.0841 0.9047 0.589 -0.4514 0.4105 -0.7923
-0.1112 10.889 0.7711 0.9532 0.0902 0.3864 -0.5048 0.7719
-0.6563 11.2178 1.2588 0.9947 0.0913 0.3864 -0.5048 0.7719
-0.7218 11.1295 1.2339 0.9942 0.0971 0.3864 -0.5048 0.7719
-0.6859 11.2883 1.0668 0.3255 0.046 0.1203 0.8453 -0.5205
-0.6384 11.2972 1.1753 0.3238 0.0406 0.1203 0.8453 -0.5205
-0.1301 10.9945 0.718 0.3624 0.0414 0.1203 0.8453 -0.5205
-0.6384 11.2972 1.1753 0.8509 0.0346 0.733 0.4065 0.5454
-0.6563 11.2178 1.2588 0.8493 0.0287 0.733 0.4065 0.5454
-0.1112 10.889 0.7711 0.8908 0.029 0.733 0.4065 0.5454
-3.1383 12.542 1.0715 0.8744 0.589 -0.9795 -0.0708 -0.1888
-3.1416 12.5089 1.1075 0.8769 0.5895 -0.9795 -0.0708 -0.1888
-3.1454 12.5154 1.1186 0.877 0.5902 -0.9795 -0.0708 -0.1888
-3.134 12.5161 1.1356 0.9493 0.2938 -0.377 -0.8724 0.3112
-3.1266 12.5202 1.1561 0.9496 0.295 -0.377 -0.8724 0.3112
-3.485 12.7547 1.3793 0.9273 0.3063 -0.377 -0.8724 0.3112
-3.1266 12.5202 1.1561 0.4091 0.4221 -0.1733 -0.1807 0.9682
-2.2158 12.3505 1.2884 0.4543 0.4392 -0.1733 -0.1807 0.9682
-2.1927 12.3945 1.2997 0.4542 0.4419 -0.1733 -0.1807 0.9682
-3.485 12.7547 1.3793 0.2131 0.6466 0.6012 0.5574 0.5726
-3.1082 12.5647 1.1687 0.1888 0.6485 0.6012 0.5574 0.5726
-3.1049 12.5943 1.1363 0.1883 0.6462 0.6012 0.5574 0.5726
-3.485 12.7547 1.3793 0.297 0.1042 0.2041 0.9375 -0.282
-3.1049 12.5978 1.1327 0.275 0.0927 0.2041 0.9375 -0.282
-3.1191 12.5904 1.0978 0.2755 0.0908 0.2041 0.9375 -0.282
0.191 10.8709 0.7825 0.5189 0.4562 0.9086 -0.0401 -0.4158
-0.344 8.4744 -0.1847 0.6553 0.4548 0.9086 -0.0401 -0.4158
-0.4788 8.4903 -0.4515 0.6612 0.4691 0.9086 -0.0401 -0.4158
-0.7571 8.4912 -0.562 0.425 0.3234 -0.3663 0.4821 -0.7959
-1.016 8.4766 -0.4517 0.4224 0.3091 -0.3663 0.4821 -0.7959
-0.1276 10.8599 0.583 0.5643 0.3116 -0.3663 0.4821 -0.7959
-0.0526 10.8915 0.8935 0.647 0.9098 -0.8861 0.1915 0.422
-0.1112 10.889 0.7711 0.6499 0.9035 -0.8861 0.1915 0.422
-0.1564 10.7834 0.7245 0.6563 0.9029 -0.8861 0.1915 0.422
-0.4179 13.8303 -0.6532 0.5092 0.4642 0.9161 -0.0046 -0.4009
0.191 10.8709 0.7825 0.3363 0.4691 0.9161 -0.0046 -0.4009
0.0821 10.7776 0.5244 0.3383 0.4556 0.9161 -0.0046 -0.4009
-0.4966 13.8178 -0.8227 0.5128 0.4561 -0.3965 -0.4339 -0.809
0.0821 10.7776 0.5244 0.3383 0.4556 -0.3965 -0.4339 -0.809
-0.1276 10.8599 0.583 0.3428 0.4512 -0.3965 -0.4339 -0.809
-3.1454 12.5154 1.1186 0.4874 0.639 -0.3695 -0.8726 0.3196
-3.485 12.7547 1.3793 0.5128 0.6394 -0.3695 -0.8726 0.3196
-3.1513 12.515 1.1107 0.4874 0.6395 -0.3695 -0.8726 0.3196
-0.652 13.8192 -0.7484 0.9367 0.8523 -0.9641 -0.0421 0.2621
-0.1276 10.8599 0.583 0.7669 0.85 -0.9641 -0.0421 0.2621
-0.1301 10.9945 0.718 0.7704 0.8409 -0.9641 -0.0421 0.2621
-0.7693 11.1205 1.1254 0.3238 0.0216 -0.6752 -0.4566 -0.5793
-0.7513 11.2 1.0419 0.3259 0.016 -0.6752 -0.4566 -0.5793
-0.1276 10.8599 0.583 0.3693 0.0209 -0.6752 -0.4566 -0.5793
-0.7513 11.2 1.0419 0.525 0.00809997 -0.3362 0.4782 -0.8114
-0.6859 11.2883 1.0668 0.5257 0.0139 -0.3362 0.4782 -0.8114
-0.1276 10.8599 0.583 0.4815 0.0131 -0.3362 0.4782 -0.8114
-2.2158 12.3505 1.2884 0.996 0.3065 -0.2182 -0.9264 0.3068
-3.1266 12.5202 1.1561 0.9496 0.295 -0.2182 -0.9264 0.3068
-3.134 12.5161 1.1356 0.9493 0.2938 -0.2182 -0.9264 0.3068
-3.1416 12.5089 1.1075 0.9492 0.2923 -0.2187 -0.9289 0.2987
-2.224 12.3359 1.2415 0.996 0.3039 -0.2187 -0.9289 0.2987
-3.134 12.5161 1.1356 0.9493 0.2938 -0.2187 -0.9289 0.2987
-3.1199 12.5865 1.0841 0.2754 0.09 0.2041 0.9375 -0.2819
-3.485 12.7547 1.3793 0.297 0.1042 0.2041 0.9375 -0.2819
-3.1191 12.5904 1.0978 0.2755 0.0908 0.2041 0.9375 -0.2819
-3.1199 12.5865 1.0841 0.9047 0.589 -0.4514 0.4105 -0.7923
-3.1383 12.542 1.0715 0.9054 0.5915 -0.4514 0.4105 -0.7923
-3.1414 12.5654 1.0854 0.9044 0.5905 -0.4514 0.4105 -0.7923
-3.1416 12.5089 1.1075 0.4579 0.6395 0.2929 0.8634 -0.4109
-3.485 12.7547 1.3793 0.432 0.639 0.2929 0.8634 -0.4109
-3.1454 12.5154 1.1186 0.4573 0.6392 0.2929 0.8634 -0.4109
